ply
format ascii 1.0
comment file created with libplyloader (2012-07-04 22:16:11).
comment Created by Blender 2.60 (sub 0) - www.blender.org, source file: ''
comment meta host: istar
comment meta accel-struct: preorder_stackless_binary_bvh
comment meta accel-struct-ctor: preorder stackless bvh ctor (based on stackless bvh ctor (based on bbvh_constructor_using_median: SM))
comment meta ray-tracer: preoder sbvh tracer
comment meta bouncer: binary_png_tester
element vertex 642
property float x
property float y
property float z
property float nx
property float ny
property float nz
property float rps
element face 1280
property list uchar uint vertex_indices
end_header
0.02311900072 -0.7834470272 -0.6210290194 0.02188199945 -0.7833189964 -0.6212040186 2023147
0.05279000103 -0.6881849766 -0.7236120105 0.05655099824 -0.6854150295 -0.7259129882 1979225
0.1597969979 -0.7579299808 -0.6324610114 0.1637620032 -0.7553330064 -0.6345099807 1780760.625
0.1291570067 -0.8439069986 -0.5207110047 0.1284829974 -0.844020009 -0.5206459761 1867859.5
-0.007025999948 -0.8626649976 -0.5057280064 -0.00799600035 -0.8627279997 -0.5055699944 2090492.5
0.2628690004 -0.8090119958 -0.5257380009 0.2628560066 -0.8089849949 -0.5257120132 1650042.125
-0.1191110015 -0.7926449776 -0.5979350209 -0.1182290018 -0.7921990156 -0.5986509919 2161520.5
-0.08856300265 -0.7023050189 -0.7063459754 -0.08838199824 -0.7031769753 -0.7054659724 2172643.5
-0.2281029969 -0.7020419836 -0.6746150255 -0.2283090055 -0.7026579976 -0.6738790274 2232259
-0.1971649975 -0.6068210006 -0.7699970007 -0.1973019987 -0.607288003 -0.7695549726 2296195.25
-0.1624560058 -0.4999949932 -0.850654006 -0.1624500006 -0.4999850094 -0.8506420255 2382477.5
-0.05551600084 -0.6014959812 -0.7969449759 -0.05200399831 -0.5985590219 -0.7993710041 2194876.75
-0.2546809912 -0.7838400006 -0.5663329959 -0.2548600137 -0.7843869925 -0.5654469728 2183607.25
-0.1430740058 -0.8649269938 -0.4810729921 -0.1440780014 -0.8648639917 -0.4808189869 2197251.75
-0.2763850093 -0.8506399989 -0.4472149909 -0.276376009 -0.8506420255 -0.4472180009 2210281.25
0.09677899629 -0.5642480254 -0.8199130297 0.09836100042 -0.5645009875 -0.8195139766 1945578.875
-0.01228000037 -0.4684239924 -0.8834180236 -0.01116999984 -0.4728839993 -0.8810390234 2292115.75
0.1381970048 -0.4253199995 -0.8944299817 0.1396220028 -0.4297310114 -0.8920869827 2001721.25
0.2533659935 -0.5133690238 -0.8199130297 0.2522349954 -0.5145120025 -0.8195139766 1674823.125
0.2100879997 -0.6465719938 -0.7333539724 0.2096929997 -0.6454049945 -0.7344580293 1696743.625
0.3618040085 -0.5877789855 -0.7236120105 0.3571279943 -0.5877559781 -0.7259129882 1473130.5
0.3162289858 -0.7071009874 -0.6324610114 0.3114719987 -0.7073270082 -0.6345099807 1536327.375
0.3984690011 -0.4539850056 -0.7969449759 0.3939020038 -0.4536580145 -0.7993710041 1464192.25
0.2852720022 -0.3717420101 -0.8834180236 0.286996007 -0.3759880066 -0.8810390234 1725174.125
0.4253230095 -0.3090110123 -0.850654006 0.4253059924 -0.3089999855 -0.8506420255 1514538.25
0.5622739792 -0.5712460279 -0.5979350209 0.5612959862 -0.5713980198 -0.5986509919 1279071.25
0.597194016 -0.4338819981 -0.6746150255 0.597736001 -0.4342480004 -0.6738790274 1258611
0.6667760015 -0.4844349921 -0.5663329959 0.6672570109 -0.4847559929 -0.5654469728 1217148.625
0.6241469979 -0.6156370044 -0.4810729921 0.6249279976 -0.6149780154 -0.4808189869 1262893
0.5127530098 -0.6937749982 -0.5057269931 0.5135650039 -0.6932579875 -0.5055699944 1346948.875
0.7235999703 -0.5257200003 -0.4472149909 0.7235940099 -0.5257120132 -0.4472180009 1216973.5
0.441801995 -0.647405982 -0.6210280061 0.4427320063 -0.6465650201 -0.6212040186 1383382.875
0.4844590127 -0.5161150098 -0.7063459754 0.4848479927 -0.5169230103 -0.7054659724 1342670.125
0.5161939859 -0.3750320077 -0.7699959874 0.516587019 -0.3753170073 -0.7695549726 1345481.875
0.3915550113 -0.7586470246 -0.5207110047 0.392132014 -0.7583540082 -0.5206459761 1477223.875
0.181494996 -0.2960000038 -0.9377869964 0.1803030074 -0.2956629992 -0.938108027 2078273
0.2210759968 -0.1606190056 -0.9619389772 0.2202830017 -0.1600389928 -0.9621880054 2183108.75
0.3263190091 -0.2370820045 -0.915045023 0.3258160055 -0.2367019951 -0.9153109789 1792010
0.02715599909 -0.3461489975 -0.9377869964 0.02789399959 -0.3451949954 -0.938108027 2428583.75
0.06921599805 -0.2130199969 -0.9745929837 0.06958200037 -0.2141479999 -0.9743030071 2499003.75
-0.08444199711 -0.2598890066 -0.9619389772 -0.08414000273 -0.258949995 -0.9621880054 2632943.5
-0.04262800142 -0.1311990023 -0.9904389977 -0.04229899868 -0.1302219927 -0.9905700088 2762396.75
0 0 -1 0 0 -1 2786995.75
0.1116050035 -0.08108499646 -0.9904389977 0.1107520014 -0.08047699928 -0.9905700088 2557205.5
-0.1246400028 -0.3836100101 -0.915045023 -0.1244240031 -0.38300699 -0.9153109789 2511111.75
0.7522469759 -0.2201129943 -0.6210269928 0.7517319918 -0.2212290019 -0.6212040186 1203965
0.6708170176 -0.1624570042 -0.7236109972 0.6693620086 -0.1579940021 -0.7259129882 1293237.25
0.7702149749 -0.08224099874 -0.6324599981 0.7689750195 -0.07763899863 -0.6345099807 1241094.625
0.8425149918 -0.1379500031 -0.5207099915 0.8424329758 -0.1385850012 -0.5206459761 1189244.125
0.8182719946 -0.2732619941 -0.5057259798 0.8180180192 -0.2742089927 -0.5055699944 1171736.25
0.8506479859 0 -0.5257359743 0.8506420255 0 -0.5257120132 1198414.25
0.7170429826 -0.3582229912 -0.5979340076 0.7168800235 -0.357250005 -0.5986509919 1195919.5
0.6405649781 -0.3012540042 -0.7063450217 0.6414380074 -0.3013699949 -0.7054659724 1252178.75
0.5549020171 -0.2386730015 -0.7969440222 0.5531780124 -0.234442994 -0.7993710041 1369754.375
0.7783820033 -0.4033490121 -0.4810729921 0.7780079842 -0.4043090045 -0.4808189869 1183062.25
0.5665400028 -0.08232200146 -0.8199120164 0.5672780275 -0.08087400347 -0.8195139766 1473246.25
0.441704005 -0.1564320028 -0.8834180236 0.4462719858 -0.1567739993 -0.8810390234 1633579
0.4472100139 0 -0.894429028 0.4518570006 0 -0.8920869827 1696185.875
0.5665400028 0.08232200146 -0.8199120164 0.5672780275 0.08087400347 -0.8195139766 1439461
0.6798480153 0 -0.7333530188 0.6786100268 0 -0.7344580293 1341460.25
0.6708170176 0.1624570042 -0.7236109972 0.6693620086 0.1579940021 -0.7259129882 1239992.625
0.7702149749 0.08224099874 -0.6324599981 0.7689750195 0.07763899863 -0.6345099807 1217283.125
0.5549020171 0.2386730015 -0.7969440222 0.5531780124 0.234442994 -0.7993710041 1281238.125
0.441704005 0.1564320028 -0.8834180236 0.4462719858 0.1567739993 -0.8810390234 1596467.75
0.4253230095 0.3090110123 -0.850654006 0.4253059924 0.3089999855 -0.8506420255 1404703.875
0.7170429826 0.3582229912 -0.5979340076 0.7168800235 0.357250005 -0.5986509919 1033927.312
0.597194016 0.4338819981 -0.6746150255 0.597736001 0.4342480004 -0.6738790274 1083377.5
0.6667760015 0.4844349921 -0.5663329959 0.6672570109 0.4847559929 -0.5654469728 1000770.812
0.7783820033 0.4033490121 -0.4810729921 0.7780079842 0.4043090045 -0.4808189869 974883.0625
0.8182719946 0.2732619941 -0.5057259798 0.8180180192 0.2742089927 -0.5055699944 1038201.062
0.7235999703 0.5257200003 -0.4472149909 0.7235940099 0.5257120132 -0.4472180009 946606.75
0.7522469759 0.2201129943 -0.6210269928 0.7517319918 0.2212290019 -0.6212040186 1118955.625
0.6405649781 0.3012540042 -0.7063450217 0.6414380074 0.3013699949 -0.7054659724 1130174.625
0.5161939859 0.3750320077 -0.7699959874 0.516587019 0.3753170073 -0.7695549726 1206932.25
0.8425149918 0.1379500031 -0.5207099915 0.8424329758 0.1385850012 -0.5206459761 1136060.875
0.3375990093 0.08113999665 -0.9377859831 0.3369239867 0.08011099696 -0.938108027 1921968.375
0.2210759968 0.1606190056 -0.9619389772 0.2202830017 0.1600389928 -0.9621880054 2011528.5
0.3263190091 0.2370820045 -0.915045023 0.3258160055 0.2367019951 -0.9153109789 1668987.25
0.3375990093 -0.08113999665 -0.9377859831 0.3369239867 -0.08011099696 -0.938108027 1955374.75
0.2239840031 0 -0.9745929837 0.225165993 0 -0.9743030071 2288705.75
0.1116050035 0.08108499646 -0.9904389977 0.1107520014 0.08047699928 -0.9905700088 2444390.5
-0.7379620075 -0.2640810013 -0.6210259795 -0.7382119894 -0.2628560066 -0.6212040186 2303127.25
-0.6381949782 -0.2628639936 -0.7236089706 -0.6343880296 -0.2655720115 -0.7259129882 2328728.25
-0.6714580059 -0.3861849904 -0.6324589849 -0.6677449942 -0.3891409934 -0.6345099807 2376126.5
-0.7626960278 -0.3836109936 -0.5207089782 -0.7629929781 -0.38300699 -0.5206459761 2401998.25
-0.8226180077 -0.2598899901 -0.5057240129 -0.8229619861 -0.258980006 -0.5055699944 2317731.5
-0.6881890297 -0.49999699 -0.5257359743 -0.6881620288 -0.4999850094 -0.5257120132 2414238
-0.7906619906 -0.1316549927 -0.5979310274 -0.7899720073 -0.1323280036 -0.5986509919 2260366.75
-0.6953039765 -0.132791996 -0.7063419819 -0.6960970163 -0.1331830025 -0.7054659724 2242584.5
-0.7381740212 0 -0.6746100187 -0.7388229966 0 -0.6738489866 2114528.25
-0.6380519867 0 -0.7699930072 -0.6385390162 0 -0.7695549726 2117088.25
-0.5257300138 0 -0.8506519794 -0.5257120132 0 -0.8506420255 2226264.75
-0.5892159939 -0.133070007 -0.7969419956 -0.5853449702 -0.1354719996 -0.7993710041 2275798.5
-0.824180007 0 -0.5663279891 -0.824763 0 -0.5654469728 2155949
-0.8668090105 -0.1312000006 -0.4810700119 -0.8670610189 -0.1302219927 -0.4808189869 2320868.75
-0.8944249749 0 -0.4472149909 -0.8944060206 0 -0.44718799 2226567.25
-0.5067290068 -0.2664020061 -0.8199120164 -0.5064849854 -0.2679829895 -0.8195139766 2382770
-0.4492970109 -0.133070007 -0.8834170103 -0.4532000124 -0.1354719996 -0.8810390234 2455343.25
-0.3617999852 -0.2628630102 -0.894429028 -0.3655509949 -0.2655720115 -0.8920869827 2494260
-0.4099510014 -0.3996039927 -0.8199130297 -0.4113889933 -0.3988769948 -0.8195139766 2420365.75
-0.5500090122 -0.3996039927 -0.7333530188 -0.5490279794 -0.3988769948 -0.7344580293 2357482.25
-0.4472109973 -0.525726974 -0.7236109972 -0.4486219883 -0.521287024 -0.7259129882 2378562.5
-0.5747759938 -0.5192549825 -0.6324610114 -0.5764639974 -0.5148169994 -0.6345099807 2372260.25
-0.3086329997 -0.5192540288 -0.7969449759 -0.3097319901 -0.5148169994 -0.7993710041 2355817
-0.2653949857 -0.3861840069 -0.8834180236 -0.2688989937 -0.3891409934 -0.8810390234 2472340.5
-0.3695360124 -0.7112780213 -0.5979350209 -0.3699760139 -0.7104099989 -0.5986509919 2222322
-0.3926349878 -0.7838400006 -0.4810729921 -0.3917660117 -0.7843869925 -0.4808189869 2216412.75
-0.501372993 -0.7020429969 -0.5057269931 -0.5005949736 -0.7026579976 -0.5055699944 2284981
-0.4791989923 -0.6202359796 -0.6210280061 -0.4781030118 -0.6208689809 -0.6212040186 2340070
-0.3411499858 -0.6202359796 -0.7063459754 -0.3417769969 -0.6208379865 -0.7054659724 2292420.25
-0.600522995 -0.6068220139 -0.5207099915 -0.6000549793 -0.607288003 -0.5206459761 2402394.5
-0.2254289985 -0.264079988 -0.9377859831 -0.2254710048 -0.2628560066 -0.938108027 2594442.25
-0.320818007 -0.1327909976 -0.9377859831 -0.3196510077 -0.1331830025 -0.938108027 2625283.5
-0.1812060028 -0.1316539943 -0.9745929837 -0.1821649969 -0.1323280036 -0.9743030071 2745236.5
-0.2732659876 0 -0.9619389772 -0.2722859979 0 -0.9621880054 2646627.75
-0.1379519999 0 -0.9904389977 -0.136905998 0 -0.9905700088 2830730
-0.4033539891 0 -0.9150440097 -0.4027220011 0 -0.9153109789 2416416.75
-0.4791989923 0.6202359796 -0.6210280061 -0.4781030118 0.6208689809 -0.6212040186 1183863.125
-0.4472109973 0.525726974 -0.7236109972 -0.4486219883 0.521287024 -0.7259129882 1275400.875
-0.5747759938 0.5192549825 -0.6324610114 -0.5764639974 0.5148169994 -0.6345099807 1257752.875
-0.600522995 0.6068220139 -0.5207099915 -0.6000549793 0.607288003 -0.5206459761 1195685.5
-0.501372993 0.7020429969 -0.5057269931 -0.5005949736 0.7026579976 -0.5055699944 1141947.5
-0.6881890297 0.49999699 -0.5257359743 -0.6881620288 0.4999850094 -0.5257120132 1286890
-0.3695360124 0.7112780213 -0.5979350209 -0.3699760139 0.7104099989 -0.5986509919 1149083.125
-0.3411499858 0.6202359796 -0.7063459754 -0.3417769969 0.6208379865 -0.7054659724 1222078.375
-0.2281029969 0.7020419836 -0.6746150255 -0.2283090055 0.7026579976 -0.6738790274 1203928.5
-0.1971649975 0.6068210006 -0.7699970007 -0.1973019987 0.607288003 -0.7695549726 1302526.375
-0.1624560058 0.4999949932 -0.850654006 -0.1624500006 0.4999850094 -0.8506420255 1471998.75
-0.3086329997 0.5192540288 -0.7969449759 -0.3097319901 0.5148169994 -0.7993710041 1340946.25
-0.2546809912 0.7838400006 -0.5663329959 -0.2548600137 0.7843869925 -0.5654469728 1142718.125
-0.3926349878 0.7838400006 -0.4810729921 -0.3917660117 0.7843869925 -0.4808189869 1116542.625
-0.2763850093 0.8506399989 -0.4472149909 -0.276376009 0.8506420255 -0.4472180009 1116505.5
-0.4099510014 0.3996039927 -0.8199130297 -0.4113889933 0.3988769948 -0.8195139766 1468327.375
-0.2653949857 0.3861840069 -0.8834180236 -0.2688989937 0.3891409934 -0.8810390234 1594669.25
-0.3617999852 0.2628630102 -0.894429028 -0.3655509949 0.2655720115 -0.8920869827 1769431.875
-0.5067290068 0.2664020061 -0.8199120164 -0.5064849854 0.2679829895 -0.8195139766 1651409
-0.5500090122 0.3996039927 -0.7333530188 -0.5490279794 0.3988769948 -0.7344580293 1392945.5
-0.6381949782 0.2628639936 -0.7236089706 -0.6343880296 0.2655720115 -0.7259129882 1577531.875
-0.6714580059 0.3861849904 -0.6324589849 -0.6677449942 0.3891409934 -0.6345099807 1395162.25
-0.5892159939 0.133070007 -0.7969419956 -0.5853449702 0.1354719996 -0.7993710041 1870640
-0.4492970109 0.133070007 -0.8834170103 -0.4532000124 0.1354719996 -0.8810390234 2027022
-0.7906619906 0.1316549927 -0.5979310274 -0.7899720073 0.1323280036 -0.5986509919 1837997.25
-0.8668090105 0.1312000006 -0.4810700119 -0.8670610189 0.1302219927 -0.4808189869 1912955.75
-0.8226180077 0.2598899901 -0.5057240129 -0.8229619861 0.258980006 -0.5055699944 1604391.875
-0.7379620075 0.2640810013 -0.6210259795 -0.7382119894 0.2628560066 -0.6212040186 1566078.5
-0.6953039765 0.132791996 -0.7063419819 -0.6960970163 0.1331830025 -0.7054659724 1822307.25
-0.7626960278 0.3836109936 -0.5207089782 -0.7629929781 0.38300699 -0.5206459761 1415687.5
-0.320818007 0.1327909976 -0.9377859831 -0.3196510077 0.1331830025 -0.938108027 2228287.75
-0.2254289985 0.264079988 -0.9377859831 -0.2254710048 0.2628560066 -0.938108027 1954019.375
-0.1812060028 0.1316539943 -0.9745929837 -0.1821649969 0.1323280036 -0.9743030071 2455900
-0.08444199711 0.2598890066 -0.9619389772 -0.08414000273 0.258949995 -0.9621880054 2087647.375
-0.04262800142 0.1311990023 -0.9904389977 -0.04229899868 0.1302219927 -0.9905700088 2553422
-0.1246400028 0.3836100101 -0.915045023 -0.1244240031 0.38300699 -0.9153109789 1727013.125
0.441801995 0.647405982 -0.6210280061 0.4427320063 0.6465650201 -0.6212040186 1051136.125
0.3618040085 0.5877789855 -0.7236120105 0.3571279943 0.5877559781 -0.7259129882 1150758.25
0.3162289858 0.7071009874 -0.6324610114 0.3114719987 0.7073270082 -0.6345099807 1083623.875
0.3915550113 0.7586470246 -0.5207110047 0.392132014 0.7583540082 -0.5206459761 1002454.312
0.5127530098 0.6937749982 -0.5057269931 0.5135650039 0.6932579875 -0.5055699944 982947.6875
0.2628690004 0.8090119958 -0.5257380009 0.2628560066 0.8089849949 -0.5257120132 1040845.062
0.5622739792 0.5712460279 -0.5979350209 0.5612959862 0.5713980198 -0.5986509919 1029322.75
0.4844590127 0.5161150098 -0.7063459754 0.4848479927 0.5169230103 -0.7054659724 1118519.25
0.3984690011 0.4539850056 -0.7969449759 0.3939020038 0.4536580145 -0.7993710041 1251457.25
0.6241469979 0.6156370044 -0.4810729921 0.6249279976 0.6149780154 -0.4808189869 969325.5
0.2533659935 0.5133690238 -0.8199130297 0.2522349954 0.5145120025 -0.8195139766 1319492
0.2852720022 0.3717420101 -0.8834180236 0.286996007 0.3759880066 -0.8810390234 1490878.5
0.1381970048 0.4253199995 -0.8944299817 0.1396220028 0.4297310114 -0.8920869827 1562003.375
0.09677899629 0.5642480254 -0.8199130297 0.09836100042 0.5645009875 -0.8195139766 1380571.5
0.2100879997 0.6465719938 -0.7333539724 0.2096929997 0.6454049945 -0.7344580293 1204764.5
0.05279000103 0.6881849766 -0.7236120105 0.05655099824 0.6854150295 -0.7259129882 1252181.75
0.1597969979 0.7579299808 -0.6324610114 0.1637620032 0.7553330064 -0.6345099807 1138156.25
-0.05551600084 0.6014959812 -0.7969449759 -0.05200399831 0.5985590219 -0.7993710041 1364847.125
-0.01228000037 0.4684239924 -0.8834180236 -0.01116999984 0.4728839993 -0.8810390234 1572285.5
-0.1191110015 0.7926449776 -0.5979350209 -0.1182290018 0.7921990156 -0.5986509919 1172301.125
-0.1430740058 0.8649269938 -0.4810729921 -0.1440780014 0.8648639917 -0.4808189869 1136702.75
-0.007025999948 0.8626649976 -0.5057280064 -0.00799600035 0.8627279997 -0.5055699944 1129424.75
0.02311900072 0.7834470272 -0.6210290194 0.02188199945 0.7833189964 -0.6212040186 1173418.375
-0.08856300265 0.7023050189 -0.7063459754 -0.08838199824 0.7031769753 -0.7054659724 1247247
0.1291570067 0.8439069986 -0.5207110047 0.1284829974 0.844020009 -0.5206459761 1091855.875
0.02715599909 0.3461489975 -0.9377869964 0.02789399959 0.3451949954 -0.938108027 1820964.25
0.181494996 0.2960000038 -0.9377869964 0.1803030074 0.2956629992 -0.938108027 1773886.125
0.06921599805 0.2130199969 -0.9745929837 0.06958200037 0.2141479999 -0.9743030071 2152438.75
0.918241024 -0.3012549877 -0.2570579946 0.9178439975 -0.3013699949 -0.2582480013 1207264.625
0.9472129941 -0.1624580026 -0.2763960063 0.9486370087 -0.1579940021 -0.2740559876 1199665.25
0.9609670043 -0.2386739999 -0.1399209946 0.9623709917 -0.234442994 -0.1372720003 1202976.125
0.9195539951 -0.3750340044 -0.1173499972 0.9193400145 -0.3753170073 -0.1178930029 1251297.75
0.8704649806 -0.4338830113 -0.2324559987 0.8700219989 -0.4342480004 -0.2332530022 1248264.375
0.9510579705 -0.3090130091 0 0.9510480165 -0.3089999855 0 1190042.625
0.8554760218 -0.3582240045 -0.3739469945 0.8560749888 -0.357250005 -0.3734860122 1186641.75
0.8918750286 -0.2201139927 -0.3951070011 0.8918120265 -0.2212290019 -0.3945739865 1148484.5
0.9101359844 -0.08224099874 -0.4060649872 0.911435008 -0.07763899863 -0.4040040076 1185216.25
0.8047310114 -0.4844360054 -0.343118012 0.8041629791 -0.4847869873 -0.3439129889 1223992.75
0.9599660039 0 -0.2801170051 0.9604179859 0 -0.278512001 1194814.125
0.9101359844 0.08224099874 -0.4060649872 0.911435008 0.07763899863 -0.4040040076 1150015.625
0.9472129941 0.1624580026 -0.2763960063 0.9486370087 0.1579940021 -0.2740559876 1077495.625
0.9867150187 0.08232200146 -0.1400589943 0.9866939783 0.08087400347 -0.140873 1183587.375
0.9867150187 -0.08232200146 -0.1400589943 0.9866939783 -0.08087400347 -0.140873 1232425.875
1 0 0 0.9999690056 0 -0.005187999923 1191389.25
0.9876890182 -0.1564320028 0 0.9876099825 -0.1567739993 -0.00515800016 1197210.75
0.9876890182 0.1564320028 0 0.9876099825 0.1567739993 -0.00515800016 1088891.125
0.9609670043 0.2386739999 -0.1399209946 0.9623709917 0.234442994 -0.1372720003 1057496.125
0.9510579705 0.3090130091 0 0.9510480165 0.3089999855 0 983328.25
0.9718710184 0 0.2355130017 0.9721369743 0 0.2342910022 1079946.75
0.9592530131 0.1606200039 0.2324550003 0.9591360092 0.1600389928 0.2332530022 1003507.688
0.9357870221 0.08108499646 0.3431159854 0.9355139732 0.08047699928 0.3439129889 972691.625
0.9357870221 -0.08108499646 0.3431159854 0.9355139732 -0.08047699928 0.3439129889 1044003.312
0.9592530131 -0.1606200039 0.2324550003 0.9591360092 -0.1600389928 0.2332530022 1087344.125
0.8944249749 0 0.4472149909 0.8944060206 0 0.44718799 1009524.375
0.9897609949 -0.08114100248 0.1174300015 0.9897459745 -0.08011099696 0.1181679964 1147056.25
0.9897609949 0.08114100248 0.1174300015 0.9897459745 0.08011099696 0.1181679964 1108349.75
0.9643759727 0.2370830029 0.1173499972 0.964384973 0.2367019951 0.1178930029 994421.75
0.9643759727 -0.2370830029 0.1173499972 0.964384973 -0.2367019951 0.1178930029 1144471.75
0.918241024 0.3012549877 -0.2570579946 0.9178439975 0.3013699949 -0.2582480013 1002523.25
0.8704649806 0.4338830113 -0.2324559987 0.8700219989 0.4342480004 -0.2332530022 936065.0625
0.9195539951 0.3750340044 -0.1173499972 0.9193400145 0.3753170073 -0.1178930029 966484
0.8918750286 0.2201139927 -0.3951070011 0.8918120265 0.2212290019 -0.3945739865 1054099.875
0.8554760218 0.3582240045 -0.3739469945 0.8560749888 0.357250005 -0.3734860122 968149.5
0.8047310114 0.4844360054 -0.343118012 0.8041629791 0.4847869873 -0.3439129889 922724.5625
-0.002760000061 -0.9663919806 -0.2570590079 -0.002990999958 -0.9660630226 -0.2582480013 2264756.5
0.1381990016 -0.9510549903 -0.2763969898 0.1428270042 -0.9510179758 -0.2740559876 2014858.75
0.06996099651 -0.987688005 -0.1399209946 0.07440400124 -0.9877009988 -0.1372720003 2240669.5
-0.07252400368 -0.9904389977 -0.1173499972 -0.07284799963 -0.9903259873 -0.1178930029 2442208.75
-0.1436610073 -0.9619380236 -0.2324559987 -0.1441390067 -0.9616379738 -0.2332530022 2408694.5
0 -1 0 0 -1 0 2289327.25
-0.07633499801 -0.9243029952 -0.3739480078 -0.07519800216 -0.9245579839 -0.3734860122 2233771.25
0.06626500189 -0.9162420034 -0.3951080143 0.0651570037 -0.91653198 -0.3945739865 2040927
0.2030330002 -0.8910030127 -0.4060670137 0.2077700049 -0.890805006 -0.404035002 1803752.25
-0.2120520025 -0.9150429964 -0.343118012 -0.2125310004 -0.914609015 -0.3439129889 2287659.25
0.2966479957 -0.9129809737 -0.2801179886 0.2967619896 -0.9133880138 -0.278512001 1748252.625
0.359468013 -0.8401740193 -0.4060670137 0.3555099964 -0.8427990079 -0.404035002 1575311.75
0.4472160041 -0.8506479859 -0.2763969898 0.443434 -0.853358984 -0.2740559876 1556771.75
0.3832069933 -0.912981987 -0.1400589943 0.3818480074 -0.9134190083 -0.140873 1719213.875
0.2266190052 -0.9638609886 -0.1400589943 0.2279430032 -0.9634079933 -0.140873 1960350.75
0.3090170026 -0.9510560036 0 0.3089999855 -0.9510179758 -0.005187999923 1791363.375
0.1564349979 -0.987688005 0 0.1560720056 -0.9877009988 -0.00515800016 2041774.125
0.4539909959 -0.8910059929 0 0.4542990029 -0.890805006 -0.00515800016 1606684.125
0.5239520073 -0.8401769996 -0.1399209946 0.5203409791 -0.8428300023 -0.1372720003 1556988.125
0.5877860188 -0.8090170026 0 0.5877559781 -0.809014976 0 1471061.25
0.3003230095 -0.9243050218 0.2355149984 0.3003939986 -0.9245579839 0.2343209982 1571936.5
0.4491850138 -0.8626679778 0.232456997 0.4485920072 -0.8627279997 0.2332530022 1418920.5
0.3662889898 -0.8649290204 0.343118012 0.3656120002 -0.8648639917 0.3439129889 1390343.625
0.2120520025 -0.9150429964 0.343118012 0.2125310004 -0.914609015 0.3439129889 1557389.5
0.1436610073 -0.9619380236 0.2324559987 0.1441390067 -0.9616379738 0.2332530022 1779844.25
0.2763850093 -0.8506399989 0.4472149909 0.276376009 -0.8506420255 0.4472180009 1383323
0.2286809981 -0.9663929939 0.1174309999 0.2296209931 -0.9660630226 0.1181679964 1813394.875
0.3830229938 -0.9162439704 0.1174309999 0.3820309937 -0.91653198 0.1181679964 1602528.375
0.5234900117 -0.8439109921 0.1173499972 0.5231480002 -0.844020009 0.1178930029 1458975.25
0.07252400368 -0.9904389977 0.1173499972 0.07284799963 -0.9903259873 0.1178930029 2047240.25
0.5702679753 -0.7802019715 -0.2570590079 0.5702689886 -0.7797780037 -0.2582480013 1443812.125
0.6816409826 -0.6937789917 -0.232456997 0.6818749905 -0.6932579875 -0.2332530022 1361620.75
0.6408410072 -0.7586510181 -0.1173499972 0.6410409808 -0.7583540082 -0.1178930029 1445586
0.484950006 -0.7802010179 -0.3951080143 0.486007005 -0.7797780037 -0.3945739865 1437516.875
0.6050530076 -0.702903986 -0.3739469945 0.6042969823 -0.703756988 -0.3734860122 1333502.25
0.7094069719 -0.6156389713 -0.343118012 0.7095549703 -0.6149780154 -0.3439129889 1274458.5
-0.9199479818 -0.2960020006 -0.2570579946 -0.919705987 -0.2956629992 -0.2582480013 2599977
-0.8618040085 -0.4253219962 -0.2763960063 -0.8603469729 -0.4297310114 -0.2740559876 2667869
-0.9177299738 -0.3717440069 -0.1399209946 -0.9163789749 -0.3759880066 -0.1372720003 2773083.25
-0.9643759727 -0.2370830029 -0.1173499972 -0.964384973 -0.2367019951 -0.1178930029 2760119.25
-0.9592530131 -0.1606200039 -0.2324550003 -0.9591360092 -0.1600389928 -0.2332530022 2636510.25
-0.9510579705 -0.3090130091 0 -0.9510480165 -0.3089999855 0 2756054
-0.9026560187 -0.2130209953 -0.3739449978 -0.9025539756 -0.2141479999 -0.3734860122 2424554.25
-0.850924015 -0.3461509943 -0.3951059878 -0.8515269756 -0.3451949954 -0.3945739865 2442964.25
-0.7846570015 -0.4684270024 -0.4060660005 -0.7830129862 -0.4728839993 -0.4040040076 2516743.5
-0.9357870221 -0.08108499646 -0.3431159854 -0.9355139732 -0.08047699928 -0.3439129889 2436470.5
-0.7766299844 -0.5642520189 -0.2801179886 -0.7770010233 -0.5645009875 -0.278512001 2716090.5
-0.6879749894 -0.6014990211 -0.4060660005 -0.6917020082 -0.5985590219 -0.404035002 2514785.5
-0.6708199978 -0.6881899834 -0.2763960063 -0.6745809913 -0.6854150295 -0.2740559876 2551083.75
-0.7498819828 -0.6465759873 -0.1400589943 -0.7506939769 -0.6454049945 -0.140873 2772869.25
-0.8466590047 -0.5133730173 -0.1400589943 -0.8458200097 -0.5145120025 -0.140873 2882078
-0.8090180159 -0.587782979 0 -0.8089849949 -0.5877559781 -0.005187999923 2725896.25
-0.8910080194 -0.4539870024 0 -0.8911399841 -0.4536580145 -0.00515800016 2777861.25
-0.7071080208 -0.7071059942 0 -0.706839025 -0.7073270082 -0.00515800016 2604125
-0.6371470094 -0.7579349875 -0.1399209946 -0.6407669783 -0.7553330064 -0.1372720003 2631265.25
-0.5877860188 -0.8090170026 0 -0.5877559781 -0.809014976 0 2479351
-0.7862619758 -0.5712479949 0.2355140001 -0.7864930034 -0.5713980198 0.2343209982 2277823.5
-0.6816409826 -0.6937789917 0.232456997 -0.6818749905 -0.6932579875 0.2332530022 2105645.25
-0.7094069719 -0.6156389713 0.343118012 -0.7095549703 -0.6149780154 0.3439129889 1979243
-0.8047310114 -0.4844360054 0.343118012 -0.8041629791 -0.4847869873 0.3439129889 2178917.25
-0.8704649806 -0.4338830113 0.2324559987 -0.8700219989 -0.4342480004 0.2332530022 2281850.5
-0.7235999703 -0.5257200003 0.4472149909 -0.7235940099 -0.5257120132 0.4472180009 1909678.25
-0.8484290242 -0.51611799 0.1174309999 -0.8478040099 -0.5169230103 0.1181679964 2595834.75
-0.753041029 -0.6474099755 0.1174309999 -0.753624022 -0.6465650201 0.1181679964 2457624.5
-0.6408410072 -0.7586510181 0.1173499972 -0.6410409808 -0.7583540082 0.1178930029 2303997.5
-0.9195539951 -0.3750340044 0.1173499972 -0.9193400145 -0.3753170073 0.1178930029 2635762.75
-0.5657960176 -0.7834510207 -0.2570590079 -0.5653859973 -0.7833189964 -0.2582480013 2467316.5
-0.4491850138 -0.8626679778 -0.232456997 -0.4485920072 -0.8627279997 -0.2332530022 2414500.5
-0.5234900117 -0.8439109921 -0.1173499972 -0.5231480002 -0.844020009 -0.1178930029 2517326
-0.5921599865 -0.7023079991 -0.3951070011 -0.5914490223 -0.7031769753 -0.3945739865 2394457.5
-0.4815309942 -0.7926480174 -0.3739469945 -0.4825589955 -0.7921990156 -0.3734860122 2294169.75
-0.3662889898 -0.8649290204 -0.343118012 -0.3656120002 -0.8648639917 -0.3439129889 2271791
-0.5657960176 0.7834510207 -0.2570590079 -0.5653859973 0.7833189964 -0.2582480013 1171730
-0.6708199978 0.6881899834 -0.2763960063 -0.6745809913 0.6854150295 -0.2740559876 1220188.625
-0.6371470094 0.7579349875 -0.1399209946 -0.6407669783 0.7553330064 -0.1372720003 1227890.75
-0.5234900117 0.8439109921 -0.1173499972 -0.5231480002 0.844020009 -0.1178930029 1182819.375
-0.4491850138 0.8626679778 -0.232456997 -0.4485920072 0.8627279997 -0.2332530022 1149343
-0.5877860188 0.8090170026 0 -0.5877559781 0.809014976 0 1183605
-0.4815309942 0.7926480174 -0.3739469945 -0.4825589955 0.7921990156 -0.3734860122 1127960
-0.5921599865 0.7023079991 -0.3951070011 -0.5914490223 0.7031769753 -0.3945739865 1164830.75
-0.6879749894 0.6014990211 -0.4060660005 -0.6917020082 0.5985590219 -0.404035002 1222800.125
-0.3662889898 0.8649290204 -0.343118012 -0.3656120002 0.8648639917 -0.3439129889 1119366.125
-0.7766299844 0.5642520189 -0.2801179886 -0.7770010233 0.5645009875 -0.278512001 1320276.125
-0.7846570015 0.4684270024 -0.4060660005 -0.7830129862 0.4728839993 -0.4040040076 1359477.75
-0.8618040085 0.4253219962 -0.2763960063 -0.8603469729 0.4297310114 -0.2740559876 1489002.875
-0.8466590047 0.5133730173 -0.1400589943 -0.8458200097 0.5145120025 -0.140873 1458317
-0.7498819828 0.6465759873 -0.1400589943 -0.7506939769 0.6454049945 -0.140873 1317344.25
-0.8090180159 0.587782979 0 -0.8089849949 0.5877559781 -0.005187999923 1362693.75
-0.7071080208 0.7071059942 0 -0.706839025 0.7073270082 -0.00515800016 1254619.125
-0.8910080194 0.4539870024 0 -0.8911399841 0.4536580145 -0.00515800016 1545325.875
-0.9177299738 0.3717440069 -0.1399209946 -0.9163789749 0.3759880066 -0.1372720003 1682957.25
-0.9510579705 0.3090130091 0 -0.9510480165 0.3089999855 0 1820763.125
-0.7862619758 0.5712479949 0.2355140001 -0.7864930034 0.5713980198 0.2343209982 1241638.375
-0.8704649806 0.4338830113 0.2324559987 -0.8700219989 0.4342480004 0.2332530022 1420388.125
-0.8047310114 0.4844360054 0.343118012 -0.8041629791 0.4847869873 0.3439129889 1270423.375
-0.7094069719 0.6156389713 0.343118012 -0.7095549703 0.6149780154 0.3439129889 1136323.375
-0.6816409826 0.6937789917 0.232456997 -0.6818749905 0.6932579875 0.2332530022 1139041.375
-0.7235999703 0.5257200003 0.4472149909 -0.7235940099 0.5257120132 0.4472180009 1163799
-0.753041029 0.6474099755 0.1174309999 -0.753624022 0.6465650201 0.1181679964 1252856.25
-0.8484290242 0.51611799 0.1174309999 -0.8478040099 0.5169230103 0.1181679964 1399044.5
-0.9195539951 0.3750340044 0.1173499972 -0.9193400145 0.3753170073 0.1178930029 1626896.875
-0.6408410072 0.7586510181 0.1173499972 -0.6410409808 0.7583540082 0.1178930029 1168226.125
-0.9199479818 0.2960020006 -0.2570579946 -0.919705987 0.2956629992 -0.2582480013 1735014.375
-0.9592530131 0.1606200039 -0.2324550003 -0.9591360092 0.1600389928 -0.2332530022 2093959.25
-0.9643759727 0.2370830029 -0.1173499972 -0.964384973 0.2367019951 -0.1178930029 1989525
-0.850924015 0.3461509943 -0.3951059878 -0.8515269756 0.3451949954 -0.3945739865 1523541.125
-0.9026560187 0.2130209953 -0.3739449978 -0.9025539756 0.2141479999 -0.3734860122 1795468.75
-0.9357870221 0.08108499646 -0.3431159854 -0.9355139732 0.08047699928 -0.3439129889 2157017
0.5702679753 0.7802019715 -0.2570590079 0.5702689886 0.7797780037 -0.2582480013 917864.0625
0.4472160041 0.8506479859 -0.2763969898 0.443434 0.853358984 -0.2740559876 943218.4375
0.5239520073 0.8401769996 -0.1399209946 0.5203409791 0.8428300023 -0.1372720003 922667.3125
0.6408410072 0.7586510181 -0.1173499972 0.6410409808 0.7583540082 -0.1178930029 895679.875
0.6816409826 0.6937789917 -0.232456997 0.6818749905 0.6932579875 -0.2332530022 905647.125
0.5877860188 0.8090170026 0 0.5877559781 0.809014976 0 869827.5
0.6050530076 0.702903986 -0.3739469945 0.6042969823 0.703756988 -0.3734860122 931051.25
0.484950006 0.7802010179 -0.3951080143 0.486007005 0.7797780037 -0.3945739865 946670
0.359468013 0.8401740193 -0.4060670137 0.3555099964 0.8427990079 -0.404035002 974449.625
0.7094069719 0.6156389713 -0.343118012 0.7095549703 0.6149780154 -0.3439129889 915050.375
0.2966479957 0.9129809737 -0.2801179886 0.2967619896 0.9133880138 -0.278512001 991000.4375
0.2030330002 0.8910030127 -0.4060670137 0.2077700049 0.890805006 -0.404035002 1033099.75
0.1381990016 0.9510549903 -0.2763969898 0.1428270042 0.9510179758 -0.2740559876 1071501
0.2266190052 0.9638609886 -0.1400589943 0.2279430032 0.9634079933 -0.140873 1040745
0.3832069933 0.912981987 -0.1400589943 0.3818480074 0.9134190083 -0.140873 963114.25
0.3090170026 0.9510560036 0 0.3089999855 0.9510179758 -0.005187999923 961463.1875
0.4539909959 0.8910059929 0 0.4542990029 0.890805006 -0.00515800016 902490.25
0.1564349979 0.987688005 0 0.1560720056 0.9877009988 -0.00515800016 1050344.375
0.06996099651 0.987688005 -0.1399209946 0.07440400124 0.9877009988 -0.1372720003 1127811
0 1 0 0 1 0 1127940.125
0.3003230095 0.9243050218 0.2355149984 0.3003939986 0.9245579839 0.2343209982 886844.3125
0.1436610073 0.9619380236 0.2324559987 0.1441390067 0.9616379738 0.2332530022 965495.8125
0.2120520025 0.9150429964 0.343118012 0.2125310004 0.914609015 0.3439129889 895278.875
0.3662889898 0.8649290204 0.343118012 0.3656120002 0.8648639917 0.3439129889 833392.9375
0.4491850138 0.8626679778 0.232456997 0.4485920072 0.8627279997 0.2332530022 835859.25
0.2763850093 0.8506399989 0.4472149909 0.276376009 0.8506420255 0.4472180009 846652.4375
0.3830229938 0.9162439704 0.1174309999 0.3820309937 0.91653198 0.1181679964 894909.6875
0.2286809981 0.9663929939 0.1174309999 0.2296209931 0.9660630226 0.1181679964 970222
0.07252400368 0.9904389977 0.1173499972 0.07284799963 0.9903259873 0.1178930029 1052031.375
0.5234900117 0.8439109921 0.1173499972 0.5231480002 0.844020009 0.1178930029 852057.5
-0.002760000061 0.9663919806 -0.2570590079 -0.002990999958 0.9660630226 -0.2582480013 1134488.5
-0.1436610073 0.9619380236 -0.2324559987 -0.1441390067 0.9616379738 -0.2332530022 1162602.75
-0.07252400368 0.9904389977 -0.1173499972 -0.07284799963 0.9903259873 -0.1178930029 1178506.875
0.06626500189 0.9162420034 -0.3951080143 0.0651570037 0.91653198 -0.3945739865 1092814
-0.07633499801 0.9243029952 -0.3739480078 -0.07519800216 0.9245579839 -0.3734860122 1134375.625
-0.2120520025 0.9150429964 -0.343118012 -0.2125310004 0.914609015 -0.3439129889 1130492.375
0.5921599865 -0.7023079991 0.3951070011 0.5914490223 -0.7031769753 0.3945739865 1167248.75
0.6708199978 -0.6881899834 0.2763960063 0.6745809913 -0.6854150295 0.2740559876 1199404.5
0.6879749894 -0.6014990211 0.4060660005 0.6917020082 -0.5985590219 0.404035002 976081.25
0.600522995 -0.6068220139 0.5207099915 0.6000549793 -0.607288003 0.5206459761 960211.1875
0.501372993 -0.7020429969 0.5057269931 0.5005949736 -0.7026579976 0.5055699944 1146974
0.6881890297 -0.49999699 0.5257359743 0.6881620288 -0.4999850094 0.5257120132 1032926.312
0.4815309942 -0.7926480174 0.3739469945 0.4825589955 -0.7921990156 0.3734860122 1265887.875
0.5657960176 -0.7834510207 0.2570590079 0.5653859973 -0.7833189964 0.2582480013 1185308.5
0.6371470094 -0.7579349875 0.1399209946 0.6407669783 -0.7553330064 0.1372720003 1338702.25
0.3926349878 -0.7838400006 0.4810729921 0.3917660117 -0.7843869925 0.4808189869 1249265.5
0.7498819828 -0.6465759873 0.1400589943 0.7506939769 -0.6454049945 0.140873 1249648.5
0.7071080208 -0.7071059942 0 0.706839025 -0.7073270082 0.00515800016 1366294.75
0.8090180159 -0.587782979 0 0.8089849949 -0.5877559781 0.005187999923 1251865.375
0.8466590047 -0.5133730173 0.1400589943 0.8458200097 -0.5145120025 0.140873 1128600.5
0.7766299844 -0.5642520189 0.2801179886 0.7770010233 -0.5645009875 0.278512001 1127854.75
0.8618040085 -0.4253219962 0.2763960063 0.8603469729 -0.4297310114 0.2740559876 1082809.25
0.7846570015 -0.4684270024 0.4060660005 0.7830129862 -0.4728839993 0.4040040076 1048290
0.9177299738 -0.3717440069 0.1399209946 0.9163789749 -0.3759880066 0.1372720003 1079076.25
0.8910080194 -0.4539870024 0 0.8911399841 -0.4536580145 0.00515800016 1222736.75
0.9026560187 -0.2130209953 0.3739449978 0.9025539756 -0.2141479999 0.3734860122 1030439.812
0.8668090105 -0.1312000006 0.4810700119 0.8670610189 -0.1302219927 0.4808189869 1006392.438
0.8226180077 -0.2598899901 0.5057240129 0.8229619861 -0.258980006 0.5055699944 998821.875
0.850924015 -0.3461509943 0.3951059878 0.8515269756 -0.3451949954 0.3945739865 1028423
0.9199479818 -0.2960020006 0.2570579946 0.919705987 -0.2956629992 0.2582480013 1073825.5
0.7626960278 -0.3836109936 0.5207089782 0.7629929781 -0.38300699 0.5206459761 1007734.5
0.8484290242 -0.51611799 -0.1174309999 0.8478040099 -0.5169230103 -0.1181679964 1295756.5
0.753041029 -0.6474099755 -0.1174309999 0.753624022 -0.6465650201 -0.1181679964 1355493.375
0.7862619758 -0.5712479949 -0.2355140001 0.7864930034 -0.5713980198 -0.2343209982 1179236.25
-0.484950006 -0.7802010179 0.3951080143 -0.486007005 -0.7797780037 0.3945739865 1772528.375
-0.4472160041 -0.8506479859 0.2763969898 -0.443434 -0.853358984 0.2740559876 1933985.5
-0.359468013 -0.8401740193 0.4060670137 -0.3555099964 -0.8427990079 0.404035002 1745096.25
-0.3915550113 -0.7586470246 0.5207110047 -0.392132014 -0.7583540082 0.5206459761 1615582
-0.5127530098 -0.6937749982 0.5057269931 -0.5135650039 -0.6932579875 0.5055699944 1649633
-0.2628690004 -0.8090119958 0.5257380009 -0.2628560066 -0.8089849949 0.5257120132 1621431.75
-0.6050530076 -0.702903986 0.3739469945 -0.6042969823 -0.703756988 0.3734860122 1828942.75
-0.5702679753 -0.7802019715 0.2570590079 -0.5702689886 -0.7797780037 0.2582480013 1990266.75
-0.5239520073 -0.8401769996 0.1399209946 -0.5203409791 -0.8428300023 0.1372720003 2206387.75
-0.6241469979 -0.6156370044 0.4810729921 -0.6249279976 -0.6149780154 0.4808189869 1724909.625
-0.3832069933 -0.912981987 0.1400589943 -0.3818480074 -0.9134190083 0.140873 2184396.75
-0.4539909959 -0.8910059929 0 -0.4542990029 -0.890805006 0.00515800016 2405968.75
-0.3090170026 -0.9510560036 0 -0.3089999855 -0.9510179758 0.005187999923 2403747
-0.2266190052 -0.9638609886 0.1400589943 -0.2279430032 -0.9634079933 0.140873 2213184.75
-0.2966479957 -0.9129809737 0.2801179886 -0.2967619896 -0.9133880138 0.278512001 1936630.125
-0.1381990016 -0.9510549903 0.2763969898 -0.1428270042 -0.9510179758 0.2740559876 1962653.625
-0.2030330002 -0.8910030127 0.4060670137 -0.2077700049 -0.890805006 0.404035002 1774661.875
-0.06996099651 -0.987688005 0.1399209946 -0.07440400124 -0.9877009988 0.1372720003 2173205.5
-0.1564349979 -0.987688005 0 -0.1560720056 -0.9877009988 0.00515800016 2418773.25
0.07633499801 -0.9243029952 0.3739480078 0.07519800216 -0.9245579839 0.3734860122 1677733.5
0.1430740058 -0.8649269938 0.4810729921 0.1440780014 -0.8648639917 0.4808189869 1489615.375
0.007025999948 -0.8626649976 0.5057280064 0.00799600035 -0.8627279997 0.5055699944 1585096.125
-0.06626500189 -0.9162420034 0.3951080143 -0.0651570037 -0.91653198 0.3945739865 1765663.5
0.002760000061 -0.9663919806 0.2570590079 0.002990999958 -0.9660630226 0.2582480013 1909427.75
-0.1291570067 -0.8439069986 0.5207110047 -0.1284829974 -0.844020009 0.5206459761 1636092.125
-0.2286809981 -0.9663929939 -0.1174309999 -0.2296209931 -0.9660630226 -0.1181679964 2488482.75
-0.3830229938 -0.9162439704 -0.1174309999 -0.3820309937 -0.91653198 -0.1181679964 2464514.5
-0.3003230095 -0.9243050218 -0.2355149984 -0.3003939986 -0.9245579839 -0.2343209982 2386992
-0.8918750286 0.2201139927 0.3951070011 -0.8918120265 0.2212290019 0.3945739865 1673486.75
-0.9472129941 0.1624580026 0.2763960063 -0.9486370087 0.1579940021 0.2740559876 1926271.625
-0.9101359844 0.08224099874 0.4060649872 -0.911435008 0.07763899863 0.4040040076 1944290.375
-0.8425149918 0.1379500031 0.5207099915 -0.8424329758 0.1385850012 0.5206459761 1712521
-0.8182719946 0.2732619941 0.5057259798 -0.8180180192 0.2742089927 0.5055699944 1477200.5
-0.8506479859 0 0.5257359743 -0.8506420255 0 0.5257120132 1934446.375
-0.8554760218 0.3582240045 0.3739469945 -0.8560749888 0.357250005 0.3734860122 1428281.125
-0.918241024 0.3012549877 0.2570579946 -0.9178439975 0.3013699949 0.2582480013 1629414.875
-0.9609670043 0.2386739999 0.1399209946 -0.9623709917 0.234442994 0.1372720003 1887366
-0.7783820033 0.4033490121 0.4810729921 -0.7780079842 0.4043090045 0.4808189869 1285904.5
-0.9867150187 0.08232200146 0.1400589943 -0.9866939783 0.08087400347 0.140873 2317288.75
-0.9876890182 0.1564320028 0 -0.9876099825 0.1567739993 0.00515800016 2218654.25
-1 0 0 -0.9999690056 0 0.005187999923 2645306
-0.9867150187 -0.08232200146 0.1400589943 -0.9866939783 -0.08087400347 0.140873 2633223.5
-0.9599660039 0 0.2801170051 -0.9604179859 0 0.278512001 2276551.5
-0.9472129941 -0.1624580026 0.2763960063 -0.9486370087 -0.1579940021 0.2740559876 2401978.5
-0.9101359844 -0.08224099874 0.4060649872 -0.911435008 -0.07763899863 0.4040040076 2173367.5
-0.9609670043 -0.2386739999 0.1399209946 -0.9623709917 -0.234442994 0.1372720003 2622232
-0.9876890182 -0.1564320028 0 -0.9876099825 -0.1567739993 0.00515800016 2793649
-0.8554760218 -0.3582240045 0.3739469945 -0.8560749888 -0.357250005 0.3734860122 2211556.75
-0.7783820033 -0.4033490121 0.4810729921 -0.7780079842 -0.4043090045 0.4808189869 2015945
-0.8182719946 -0.2732619941 0.5057259798 -0.8180180192 -0.2742089927 0.5055699944 2038346.5
-0.8918750286 -0.2201139927 0.3951070011 -0.8918120265 -0.2212290019 0.3945739865 2192884.5
-0.918241024 -0.3012549877 0.2570579946 -0.9178439975 -0.3013699949 0.2582480013 2402511.25
-0.8425149918 -0.1379500031 0.5207099915 -0.8424329758 -0.1385850012 0.5206459761 2013085.5
-0.9897609949 -0.08114100248 -0.1174300015 -0.9897459745 -0.08011099696 -0.1181679964 2751446
-0.9897609949 0.08114100248 -0.1174300015 -0.9897459745 0.08011099696 -0.1181679964 2433283.75
-0.9718710184 0 -0.2355130017 -0.9721369743 0 -0.2342910022 2492396.25
-0.06626500189 0.9162420034 0.3951080143 -0.0651570037 0.91653198 0.3945739865 985183.8125
-0.1381990016 0.9510549903 0.2763969898 -0.1428270042 0.9510179758 0.2740559876 1040702.875
-0.2030330002 0.8910030127 0.4060670137 -0.2077700049 0.890805006 0.404035002 966339.75
-0.1291570067 0.8439069986 0.5207110047 -0.1284829974 0.844020009 0.5206459761 978391.25
0.007025999948 0.8626649976 0.5057280064 0.00799600035 0.8627279997 0.5055699944 948311.0625
-0.2628690004 0.8090119958 0.5257380009 -0.2628560066 0.8089849949 0.5257120132 950389.6875
0.07633499801 0.9243029952 0.3739480078 0.07519800216 0.9245579839 0.3734860122 948402.3125
0.002760000061 0.9663919806 0.2570590079 0.002990999958 0.9660630226 0.2582480013 1017002.938
-0.06996099651 0.987688005 0.1399209946 -0.07440400124 0.9877009988 0.1372720003 1097435.125
0.1430740058 0.8649269938 0.4810729921 0.1440780014 0.8648639917 0.4808189869 897489.6875
-0.2266190052 0.9638609886 0.1400589943 -0.2279430032 0.9634079933 0.140873 1096958.875
-0.1564349979 0.987688005 0 -0.1560720056 0.9877009988 0.00515800016 1158790.375
-0.3090170026 0.9510560036 0 -0.3089999855 0.9510179758 0.005187999923 1141119.375
-0.3832069933 0.912981987 0.1400589943 -0.3818480074 0.9134190083 0.140873 1088091.125
-0.2966479957 0.9129809737 0.2801179886 -0.2967619896 0.9133880138 0.278512001 1011157.562
-0.4472160041 0.8506479859 0.2763969898 -0.443434 0.853358984 0.2740559876 1035032.812
-0.359468013 0.8401740193 0.4060670137 -0.3555099964 0.8427990079 0.404035002 988889
-0.5239520073 0.8401769996 0.1399209946 -0.5203409791 0.8428300023 0.1372720003 1111059.375
-0.4539909959 0.8910059929 0 -0.4542990029 0.890805006 0.00515800016 1147531.25
-0.6050530076 0.702903986 0.3739469945 -0.6042969823 0.703756988 0.3734860122 1043223.875
-0.6241469979 0.6156370044 0.4810729921 -0.6249279976 0.6149780154 0.4808189869 1066834.25
-0.5127530098 0.6937749982 0.5057269931 -0.5135650039 0.6932579875 0.5055699944 1005716.812
-0.484950006 0.7802010179 0.3951080143 -0.486007005 0.7797780037 0.3945739865 1008554.125
-0.5702679753 0.7802019715 0.2570590079 -0.5702689886 0.7797780037 0.2582480013 1073335.25
-0.3915550113 0.7586470246 0.5207110047 -0.392132014 0.7583540082 0.5206459761 939058.125
-0.3830229938 0.9162439704 -0.1174309999 -0.3820309937 0.91653198 -0.1181679964 1161881.25
-0.2286809981 0.9663929939 -0.1174309999 -0.2296209931 0.9660630226 -0.1181679964 1172304.75
-0.3003230095 0.9243050218 -0.2355149984 -0.3003939986 0.9245579839 -0.2343209982 1143992.75
0.850924015 0.3461509943 0.3951059878 0.8515269756 0.3451949954 0.3945739865 850028.375
0.8618040085 0.4253219962 0.2763960063 0.8603469729 0.4297310114 0.2740559876 842424.3125
0.7846570015 0.4684270024 0.4060660005 0.7830129862 0.4728839993 0.4040040076 805796.5625
0.7626960278 0.3836109936 0.5207089782 0.7629929781 0.38300699 0.5206459761 821229.6875
0.8226180077 0.2598899901 0.5057240129 0.8229619861 0.258980006 0.5055699944 874671.9375
0.6881890297 0.49999699 0.5257359743 0.6881620288 0.4999850094 0.5257120132 790797.9375
0.9026560187 0.2130209953 0.3739449978 0.9025539756 0.2141479999 0.3734860122 923530.375
0.9199479818 0.2960020006 0.2570579946 0.919705987 0.2956629992 0.2582480013 905570.125
0.9177299738 0.3717440069 0.1399209946 0.9163789749 0.3759880066 0.1372720003 906610.5625
0.8668090105 0.1312000006 0.4810700119 0.8670610189 0.1302219927 0.4808189869 948432.1875
0.8466590047 0.5133730173 0.1400589943 0.8458200097 0.5145120025 0.140873 850923.4375
0.8910080194 0.4539870024 0 0.8911399841 0.4536580145 0.00515800016 908177.5625
0.8090180159 0.587782979 0 0.8089849949 0.5877559781 0.005187999923 868754.25
0.7498819828 0.6465759873 0.1400589943 0.7506939769 0.6454049945 0.140873 819801.25
0.7766299844 0.5642520189 0.2801179886 0.7770010233 0.5645009875 0.278512001 803833.25
0.6708199978 0.6881899834 0.2763960063 0.6745809913 0.6854150295 0.2740559876 792967.375
0.6879749894 0.6014990211 0.4060660005 0.6917020082 0.5985590219 0.404035002 781340.4375
0.6371470094 0.7579349875 0.1399209946 0.6407669783 0.7553330064 0.1372720003 813765
0.7071080208 0.7071059942 0 0.706839025 0.7073270082 0.00515800016 858063.0625
0.4815309942 0.7926480174 0.3739469945 0.4825589955 0.7921990156 0.3734860122 798130.5625
0.3926349878 0.7838400006 0.4810729921 0.3917660117 0.7843869925 0.4808189869 805371.75
0.501372993 0.7020429969 0.5057269931 0.5005949736 0.7026579976 0.5055699944 774694.5
0.5921599865 0.7023079991 0.3951070011 0.5914490223 0.7031769753 0.3945739865 781121.3125
0.5657960176 0.7834510207 0.2570590079 0.5653859973 0.7833189964 0.2582480013 805373.75
0.600522995 0.6068220139 0.5207099915 0.6000549793 0.607288003 0.5206459761 778758.3125
0.753041029 0.6474099755 -0.1174309999 0.753624022 0.6465650201 -0.1181679964 879316.6875
0.8484290242 0.51611799 -0.1174309999 0.8478040099 0.5169230103 -0.1181679964 909320.8125
0.7862619758 0.5712479949 -0.2355140001 0.7864930034 0.5713980198 -0.2343209982 902379.375
0.3411499858 -0.6202350259 0.7063459754 0.3417769969 -0.6208379865 0.7054659724 1133455.5
0.4472109973 -0.525726974 0.7236120105 0.4486219883 -0.521287024 0.7259129882 1061185.5
0.3086329997 -0.5192540288 0.7969449759 0.3097319901 -0.5148169994 0.7993710041 1108089.25
0.1971649975 -0.6068199873 0.7699970007 0.1973019987 -0.607288003 0.7695549726 1202040.5
0.2281029969 -0.7020419836 0.6746150255 0.2283090055 -0.7026579976 0.6738790274 1241212.125
0.1624560058 -0.4999949932 0.850654006 0.1624500006 -0.4999850094 0.8506420255 1190966
0.3695360124 -0.7112780213 0.5979350209 0.3699760139 -0.7104099989 0.5986509919 1180154.25
0.4791980088 -0.6202359796 0.6210280061 0.4781030118 -0.6208689809 0.6212040186 1072050
0.5747759938 -0.5192549825 0.6324610114 0.5764639974 -0.5148169994 0.6345099807 1036615.125
0.2546809912 -0.7838400006 0.5663329959 0.2548600137 -0.7843869925 0.5654469728 1300474.25
0.5500090122 -0.3996039927 0.7333530188 0.5490279794 -0.3988769948 0.7344580293 1010806.188
0.6714580059 -0.3861849904 0.6324589849 0.6677449942 -0.3891409934 0.6345099807 998211.0625
0.6381949782 -0.2628639936 0.7236089706 0.6343880296 -0.2655720115 0.7259129882 936348.9375
0.5067290068 -0.2664020061 0.8199120164 0.5064849854 -0.2679829895 0.8195139766 1016878.688
0.4099510014 -0.3996039927 0.8199130297 0.4113889933 -0.3988769948 0.8195139766 1050992.875
0.3617999852 -0.2628630102 0.894429028 0.3655509949 -0.2655720115 0.8920869827 1055056.125
0.2653949857 -0.3861840069 0.8834180236 0.2688989937 -0.3891409934 0.8810390234 1107784
0.4492970109 -0.133070007 0.8834170103 0.4532000124 -0.1354719996 0.8810390234 1012634.375
0.5892159939 -0.133070007 0.7969419956 0.5853449702 -0.1354719996 0.7993710041 996067
0.5257300138 0 0.8506519794 0.5257120132 0 0.8506420255 1017556
0.1812060028 -0.1316539943 0.9745929837 0.1821649969 -0.1323280036 0.9743030071 1138818.25
0.2732659876 0 0.9619389772 0.2722859979 0 0.9621880054 1100925.5
0.1379519999 0 0.9904389977 0.136905998 0 0.9905700088 1165241.875
0.04262800142 -0.1311990023 0.9904389977 0.04229899868 -0.1302219927 0.9905700088 1208114.75
0.08444199711 -0.2598890066 0.9619389772 0.08414000273 -0.258949995 0.9621880054 1182181.375
0 0 1 0 0 1 1220014.375
0.2254289985 -0.264079988 0.9377859831 0.2254710048 -0.2628560066 0.938108027 1113884.375
0.320818007 -0.1327909976 0.9377859831 0.3196510077 -0.1331830025 0.938108027 1005448.312
0.4033539891 0 0.9150440097 0.4027220011 0 0.9153109789 1049815.625
0.1246400028 -0.3836100101 0.915045023 0.1244240031 -0.38300699 0.9153109789 1179241.125
0.6953039765 -0.132791996 0.7063419819 0.6960970163 -0.1331830025 0.7054659724 985665
0.7381740212 0 0.6746100187 0.7388229966 0 0.6738489866 984176.25
0.6380519867 0 0.7699930072 0.6385390162 0 0.7695549726 991169.4375
0.7379620075 -0.2640810013 0.6210259795 0.7382119894 -0.2628560066 0.6212040186 985215.625
0.7906619906 -0.1316549927 0.5979310274 0.7899720073 -0.1323280036 0.5986509919 988804.6875
0.824180007 0 0.5663279891 0.824763 0 0.5654469728 989938.375
-0.4844590127 -0.5161150098 0.7063459754 -0.4848479927 -0.5169230103 0.7054659724 1462155.5
-0.3618029952 -0.5877789855 0.7236120105 -0.3571279943 -0.5877559781 0.7259129882 1412987
-0.3984690011 -0.4539850056 0.7969449759 -0.3939020038 -0.4536580145 0.7993710041 1377671.375
-0.5161939859 -0.3750320077 0.7699959874 -0.516587019 -0.3753170073 0.7695549726 1476028.625
-0.597194016 -0.4338819981 0.6746150255 -0.597736001 -0.4342480004 0.6738790274 1583261
-0.4253230095 -0.3090110123 0.850654006 -0.4253059924 -0.3089999855 0.8506420255 1392936.75
-0.5622739792 -0.5712460279 0.5979350209 -0.5612959862 -0.5713980198 0.5986509919 1577457.875
-0.441801995 -0.647405982 0.6210280061 -0.4427320063 -0.6465650201 0.6212040186 1461387.625
-0.3162289858 -0.7071009874 0.6324610114 -0.3114719987 -0.7073270082 0.6345099807 1495858.75
-0.6667760015 -0.4844349921 0.5663329959 -0.6672570109 -0.4847559929 0.5654469728 1725500
-0.2100879997 -0.6465719938 0.7333539724 -0.2096929997 -0.6454049945 0.7344580293 1418958.125
-0.1597969979 -0.7579299808 0.6324610114 -0.1637620032 -0.7553330064 0.6345099807 1526589.625
-0.05279000103 -0.6881849766 0.7236120105 -0.05655099824 -0.6854150295 0.7259129882 1412747.25
-0.09677899629 -0.5642480254 0.8199130297 -0.09836100042 -0.5645009875 0.8195139766 1315016.75
-0.2533659935 -0.5133690238 0.8199130297 -0.2522349954 -0.5145120025 0.8195139766 1355154.125
-0.1381970048 -0.4253189862 0.8944299817 -0.1396220028 -0.4297310114 0.8920869827 1306730.5
-0.2852720022 -0.3717420101 0.8834180236 -0.286996007 -0.3759880066 0.8810390234 1323563.875
0.01228000037 -0.4684239924 0.8834180236 0.01116999984 -0.4728839993 0.8810390234 1262013.875
0.05551600084 -0.6014959812 0.7969449759 0.05200399831 -0.5985590219 0.7993710041 1293227.25
-0.06921599805 -0.2130199969 0.9745929837 -0.06958200037 -0.2141479999 0.9743030071 1150191.75
-0.1116050035 -0.08108499646 0.9904389977 -0.1107520014 -0.08047699928 0.9905700088 1265175
-0.2210759968 -0.1606190056 0.9619389772 -0.2202830017 -0.1600389928 0.9621880054 1285682.625
-0.181494996 -0.2960000038 0.9377869964 -0.1803030074 -0.2956629992 0.938108027 1286954.5
-0.02715599909 -0.3461489975 0.9377869964 -0.02789399959 -0.3451949954 0.938108027 1244729.5
-0.3263190091 -0.2370820045 0.915045023 -0.3258160055 -0.2367019951 0.9153109789 1324429.125
0.08856300265 -0.7023050189 0.7063459754 0.08838199824 -0.7031769753 0.7054659724 1330608.625
-0.02311900072 -0.7834470272 0.6210290194 -0.02188199945 -0.7833189964 0.6212040186 1485139.125
0.1191110015 -0.7926449776 0.5979350209 0.1182290018 -0.7921990156 0.5986509919 1398216.25
-0.6405640244 0.3012540042 0.7063450217 -0.6414380074 0.3013699949 0.7054659724 1269473.625
-0.6708170176 0.1624570042 0.7236109972 -0.6693620086 0.1579940021 0.7259129882 1457596.125
-0.5549010038 0.2386720031 0.7969440222 -0.5531780124 0.234442994 0.7993710041 1270857.625
-0.5161939859 0.3750320077 0.7699959874 -0.516587019 0.3753170073 0.7695549726 1131479.5
-0.597194016 0.4338819981 0.6746150255 -0.597736001 0.4342480004 0.6738790274 1126643.875
-0.4253230095 0.3090110123 0.850654006 -0.4253059924 0.3089999855 0.8506420255 1152399.375
-0.7170429826 0.3582229912 0.5979340076 -0.7168800235 0.357250005 0.5986509919 1270728.875
-0.7522469759 0.2201129943 0.6210269928 -0.7517319918 0.2212290019 0.6212040186 1472150.875
-0.7702149749 0.08224099874 0.6324599981 -0.7689750195 0.07763899863 0.6345099807 1688422.75
-0.6667760015 0.4844349921 0.5663329959 -0.6672570109 0.4847559929 0.5654469728 1136290.875
-0.6798480153 0 0.7333530188 -0.6786100268 0 0.7344580293 1685613
-0.7702149749 -0.08224099874 0.6324599981 -0.7689750195 -0.07763899863 0.6345099807 1866558.875
-0.6708170176 -0.1624570042 0.7236109972 -0.6693620086 -0.1579940021 0.7259129882 1752392
-0.5665400028 -0.08232200146 0.8199120164 -0.5672780275 -0.08087400347 0.8195139766 1603178.125
-0.5665400028 0.08232200146 0.8199120164 -0.5672780275 0.08087400347 0.8195139766 1484647.25
-0.4472100139 0 0.894429028 -0.4518570006 0 0.8920869827 1416800.875
-0.441704005 0.1564320028 0.8834180236 -0.4462719858 0.1567739993 0.8810390234 1294461.5
-0.441704005 -0.1564320028 0.8834180236 -0.4462719858 -0.1567739993 0.8810390234 1440299.375
-0.5549010038 -0.2386720031 0.7969440222 -0.5531780124 -0.234442994 0.7993710041 1546155.375
-0.2239840031 0 0.9745929837 -0.225165993 0 0.9743030071 1287076.375
-0.1116050035 0.08108499646 0.9904389977 -0.1107520014 0.08047699928 0.9905700088 1230832.875
-0.2210759968 0.1606190056 0.9619389772 -0.2202830017 0.1600389928 0.9621880054 1190339.25
-0.3375990093 0.08113999665 0.9377859831 -0.3369239867 0.08011099696 0.938108027 1290656.125
-0.3375990093 -0.08113999665 0.9377859831 -0.3369239867 -0.08011099696 0.938108027 1347325.5
-0.3263190091 0.2370820045 0.915045023 -0.3258160055 0.2367019951 0.9153109789 1169661.125
-0.6405640244 -0.3012540042 0.7063450217 -0.6414380074 -0.3013699949 0.7054659724 1682488.5
-0.7522469759 -0.2201129943 0.6210269928 -0.7517319918 -0.2212290019 0.6212040186 1884913.75
-0.7170429826 -0.3582229912 0.5979340076 -0.7168800235 -0.357250005 0.5986509919 1847339.875
0.08856300265 0.7023050189 0.7063459754 0.08838199824 0.7031769753 0.7054659724 905000.5625
-0.05279000103 0.6881849766 0.7236120105 -0.05655099824 0.6854150295 0.7259129882 962808.625
0.05551600084 0.6014959812 0.7969449759 0.05200399831 0.5985590219 0.7993710041 932890.1875
0.1971649975 0.6068199873 0.7699970007 0.1973019987 0.607288003 0.7695549726 874711.375
0.2281029969 0.7020419836 0.6746150255 0.2283090055 0.7026579976 0.6738790274 852403.5
0.1624560058 0.4999949932 0.850654006 0.1624500006 0.4999850094 0.8506420255 918193.3125
0.1191110015 0.7926449776 0.5979350209 0.1182290018 0.7921990156 0.5986509919 893399.375
-0.02311900072 0.7834470272 0.6210290194 -0.02188199945 0.7833189964 0.6212040186 948289.8125
-0.1597969979 0.7579299808 0.6324610114 -0.1637620032 0.7553330064 0.6345099807 970579.4375
0.2546809912 0.7838400006 0.5663329959 0.2548600137 0.7843869925 0.5654469728 842360.125
-0.2100879997 0.6465719938 0.7333539724 -0.2096929997 0.6454049945 0.7344580293 974019.5
-0.3162289858 0.7071009874 0.6324610114 -0.3114719987 0.7073270082 0.6345099807 963653.8125
-0.3618029952 0.5877789855 0.7236120105 -0.3571279943 0.5877559781 0.7259129882 986591.625
-0.2533659935 0.5133690238 0.8199130297 -0.2522349954 0.5145120025 0.8195139766 1012544.375
-0.09677899629 0.5642480254 0.8199130297 -0.09836100042 0.5645009875 0.8195139766 1000001.5
-0.1381970048 0.4253189862 0.8944299817 -0.1396220028 0.4297310114 0.8920869827 1044071.438
0.01228000037 0.4684239924 0.8834180236 0.01116999984 0.4728839993 0.8810390234 987017.6875
-0.2852720022 0.3717420101 0.8834180236 -0.286996007 0.3759880066 0.8810390234 1074738.125
-0.3984690011 0.4539839923 0.7969449759 -0.3939020038 0.4536580145 0.7993710041 1042265.312
-0.06921599805 0.2130199969 0.9745929837 -0.06958200037 0.2141479999 0.9743030071 1135241.25
0.04262800142 0.1311990023 0.9904389977 0.04229899868 0.1302219927 0.9905700088 1145988.25
0.08444199711 0.2598890066 0.9619389772 0.08414000273 0.258949995 0.9621880054 1046432.062
-0.02715599909 0.3461489975 0.9377869964 -0.02789399959 0.3451949954 0.938108027 1048570.125
-0.181494996 0.2960000038 0.9377869964 -0.1803030074 0.2956629992 0.938108027 1102925.5
0.1246400028 0.3836100101 0.915045023 0.1244240031 0.38300699 0.9153109789 972512.6875
-0.4844590127 0.5161150098 0.7063459754 -0.4848479927 0.5169230103 0.7054659724 1035416.25
-0.441801995 0.647405982 0.6210280061 -0.4427320063 0.6465650201 0.6212040186 988082.8125
-0.5622739792 0.5712460279 0.5979350209 -0.5612959862 0.5713980198 0.5986509919 1045143.75
0.6953039765 0.132791996 0.7063419819 0.6960970163 0.1331830025 0.7054659724 938709.8125
0.6381949782 0.2628639936 0.7236089706 0.6343880296 0.2655720115 0.7259129882 870627.6875
0.5892159939 0.133070007 0.7969419956 0.5853449702 0.1354719996 0.7993710041 948745.5625
0.7906619906 0.1316549927 0.5979310274 0.7899720073 0.1323280036 0.5986509919 922112.9375
0.7379620075 0.2640810013 0.6210259795 0.7382119894 0.2628560066 0.6212040186 866149.875
0.6714580059 0.3861849904 0.6324589849 0.6677449942 0.3891409934 0.6345099807 820032.375
0.5500090122 0.3996039927 0.7333530188 0.5490279794 0.3988769948 0.7344580293 828244.1875
0.5747759938 0.5192549825 0.6324610114 0.5764639974 0.5148169994 0.6345099807 786035.9375
0.4472109973 0.525726974 0.7236120105 0.4486219883 0.521287024 0.7259129882 812710.75
0.4099510014 0.3996039927 0.8199130297 0.4113889933 0.3988769948 0.8195139766 864307.9375
0.5067290068 0.2664020061 0.8199120164 0.5064849854 0.2679829895 0.8195139766 899118.75
0.3617999852 0.2628630102 0.894429028 0.3655509949 0.2655720115 0.8920869827 936795.375
0.4492970109 0.133070007 0.8834170103 0.4532000124 0.1354719996 0.8810390234 990445.1875
0.2653949857 0.3861840069 0.8834180236 0.2688989937 0.3891409934 0.8810390234 914628.3125
0.3086329997 0.5192540288 0.7969449759 0.3097319901 0.5148169994 0.7993710041 850998.0625
0.1812060028 0.1316539943 0.9745929837 0.1821649969 0.1323280036 0.9743030071 1086632
0.320818007 0.1327909976 0.9377859831 0.3196510077 0.1331830025 0.938108027 1010488.688
0.2254289985 0.264079988 0.9377859831 0.2254710048 0.2628560066 0.938108027 986938.5625
0.3411499858 0.6202350259 0.7063459754 0.3417769969 0.6208379865 0.7054659724 821622
0.4791980088 0.6202359796 0.6210280061 0.4781030118 0.6208689809 0.6212040186 790718.0625
0.3695360124 0.7112780213 0.5979350209 0.3699760139 0.7104099989 0.5986509919 806710.875
3 0 1 2
3 2 3 0
3 4 0 3
3 3 2 5
3 0 4 6
3 6 7 0
3 1 0 7
3 7 6 8
3 9 10 11
3 11 7 9
3 8 9 7
3 7 11 1
3 12 8 6
3 6 13 12
3 14 12 13
3 13 6 4
3 15 1 11
3 11 16 15
3 17 15 16
3 16 11 10
3 15 17 18
3 18 19 15
3 1 15 19
3 19 18 20
3 21 5 2
3 2 19 21
3 20 21 19
3 19 2 1
3 22 20 18
3 18 23 22
3 24 22 23
3 23 18 17
3 25 26 27
3 27 28 25
3 29 25 28
3 28 27 30
3 25 29 31
3 31 32 25
3 26 25 32
3 32 31 20
3 22 24 33
3 33 32 22
3 20 22 32
3 32 33 26
3 21 20 31
3 31 34 21
3 5 21 34
3 34 31 29
3 35 36 37
3 37 23 35
3 17 35 23
3 23 37 24
3 35 17 38
3 38 39 35
3 36 35 39
3 39 38 40
3 41 42 43
3 43 39 41
3 40 41 39
3 39 43 36
3 44 40 38
3 38 16 44
3 10 44 16
3 16 38 17
3 45 46 47
3 47 48 45
3 49 45 48
3 48 47 50
3 45 49 51
3 51 52 45
3 46 45 52
3 52 51 26
3 33 24 53
3 53 52 33
3 26 33 52
3 52 53 46
3 27 26 51
3 51 54 27
3 30 27 54
3 54 51 49
3 55 46 53
3 53 56 55
3 57 55 56
3 56 53 24
3 55 57 58
3 58 59 55
3 46 55 59
3 59 58 60
3 61 50 47
3 47 59 61
3 60 61 59
3 59 47 46
3 62 60 58
3 58 63 62
3 64 62 63
3 63 58 57
3 65 66 67
3 67 68 65
3 69 65 68
3 68 67 70
3 65 69 71
3 71 72 65
3 66 65 72
3 72 71 60
3 62 64 73
3 73 72 62
3 60 62 72
3 72 73 66
3 61 60 71
3 71 74 61
3 50 61 74
3 74 71 69
3 75 76 77
3 77 63 75
3 57 75 63
3 63 77 64
3 75 57 78
3 78 79 75
3 76 75 79
3 79 78 36
3 43 42 80
3 80 79 43
3 36 43 79
3 79 80 76
3 37 36 78
3 78 56 37
3 24 37 56
3 56 78 57
3 81 82 83
3 83 84 81
3 85 81 84
3 84 83 86
3 81 85 87
3 87 88 81
3 82 81 88
3 88 87 89
3 90 91 92
3 92 88 90
3 89 90 88
3 88 92 82
3 93 89 87
3 87 94 93
3 95 93 94
3 94 87 85
3 96 82 92
3 92 97 96
3 98 96 97
3 97 92 91
3 96 98 99
3 99 100 96
3 82 96 100
3 100 99 101
3 102 86 83
3 83 100 102
3 101 102 100
3 100 83 82
3 103 101 99
3 99 104 103
3 10 103 104
3 104 99 98
3 105 8 12
3 12 106 105
3 107 105 106
3 106 12 14
3 105 107 108
3 108 109 105
3 8 105 109
3 109 108 101
3 103 10 9
3 9 109 103
3 101 103 109
3 109 9 8
3 102 101 108
3 108 110 102
3 86 102 110
3 110 108 107
3 111 40 44
3 44 104 111
3 98 111 104
3 104 44 10
3 111 98 112
3 112 113 111
3 40 111 113
3 113 112 114
3 115 42 41
3 41 113 115
3 114 115 113
3 113 41 40
3 116 114 112
3 112 97 116
3 91 116 97
3 97 112 98
3 117 118 119
3 119 120 117
3 121 117 120
3 120 119 122
3 117 121 123
3 123 124 117
3 118 117 124
3 124 123 125
3 126 127 128
3 128 124 126
3 125 126 124
3 124 128 118
3 129 125 123
3 123 130 129
3 131 129 130
3 130 123 121
3 132 118 128
3 128 133 132
3 134 132 133
3 133 128 127
3 132 134 135
3 135 136 132
3 118 132 136
3 136 135 137
3 138 122 119
3 119 136 138
3 137 138 136
3 136 119 118
3 139 137 135
3 135 140 139
3 91 139 140
3 140 135 134
3 141 89 93
3 93 142 141
3 143 141 142
3 142 93 95
3 141 143 144
3 144 145 141
3 89 141 145
3 145 144 137
3 139 91 90
3 90 145 139
3 137 139 145
3 145 90 89
3 138 137 144
3 144 146 138
3 122 138 146
3 146 144 143
3 147 114 116
3 116 140 147
3 134 147 140
3 140 116 91
3 147 134 148
3 148 149 147
3 114 147 149
3 149 148 150
3 151 42 115
3 115 149 151
3 150 151 149
3 149 115 114
3 152 150 148
3 148 133 152
3 127 152 133
3 133 148 134
3 153 154 155
3 155 156 153
3 157 153 156
3 156 155 158
3 153 157 159
3 159 160 153
3 154 153 160
3 160 159 66
3 73 64 161
3 161 160 73
3 66 73 160
3 160 161 154
3 67 66 159
3 159 162 67
3 70 67 162
3 162 159 157
3 163 154 161
3 161 164 163
3 165 163 164
3 164 161 64
3 163 165 166
3 166 167 163
3 154 163 167
3 167 166 168
3 169 158 155
3 155 167 169
3 168 169 167
3 167 155 154
3 170 168 166
3 166 171 170
3 127 170 171
3 171 166 165
3 172 125 129
3 129 173 172
3 174 172 173
3 173 129 131
3 172 174 175
3 175 176 172
3 125 172 176
3 176 175 168
3 170 127 126
3 126 176 170
3 168 170 176
3 176 126 125
3 169 168 175
3 175 177 169
3 158 169 177
3 177 175 174
3 178 150 152
3 152 171 178
3 165 178 171
3 171 152 127
3 178 165 179
3 179 180 178
3 150 178 180
3 180 179 76
3 80 42 151
3 151 180 80
3 76 80 180
3 180 151 150
3 77 76 179
3 179 164 77
3 64 77 164
3 164 179 165
3 181 182 183
3 183 184 181
3 185 181 184
3 184 183 186
3 181 185 187
3 187 188 181
3 182 181 188
3 188 187 49
3 48 50 189
3 189 188 48
3 49 48 188
3 188 189 182
3 54 49 187
3 187 190 54
3 30 54 190
3 190 187 185
3 191 182 189
3 189 192 191
3 193 191 192
3 192 189 50
3 191 193 194
3 194 195 191
3 182 191 195
3 195 194 196
3 197 186 183
3 183 195 197
3 196 197 195
3 195 183 182
3 198 196 194
3 194 199 198
3 200 198 199
3 199 194 193
3 201 202 203
3 203 204 201
3 205 201 204
3 204 203 206
3 201 205 207
3 207 208 201
3 202 201 208
3 208 207 196
3 198 200 209
3 209 208 198
3 196 198 208
3 208 209 202
3 197 196 207
3 207 210 197
3 186 197 210
3 210 207 205
3 211 212 213
3 213 199 211
3 193 211 199
3 199 213 200
3 211 193 214
3 214 215 211
3 212 211 215
3 215 214 69
3 68 70 216
3 216 215 68
3 69 68 215
3 215 216 212
3 74 69 214
3 214 192 74
3 50 74 192
3 192 214 193
3 217 218 219
3 219 220 217
3 221 217 220
3 220 219 222
3 217 221 223
3 223 224 217
3 218 217 224
3 224 223 4
3 3 5 225
3 225 224 3
3 4 3 224
3 224 225 218
3 13 4 223
3 223 226 13
3 14 13 226
3 226 223 221
3 227 218 225
3 225 228 227
3 229 227 228
3 228 225 5
3 227 229 230
3 230 231 227
3 218 227 231
3 231 230 232
3 233 222 219
3 219 231 233
3 232 233 231
3 231 219 218
3 234 232 230
3 230 235 234
3 236 234 235
3 235 230 229
3 237 238 239
3 239 240 237
3 241 237 240
3 240 239 242
3 237 241 243
3 243 244 237
3 238 237 244
3 244 243 232
3 234 236 245
3 245 244 234
3 232 234 244
3 244 245 238
3 233 232 243
3 243 246 233
3 222 233 246
3 246 243 241
3 247 248 249
3 249 235 247
3 229 247 235
3 235 249 236
3 247 229 250
3 250 251 247
3 248 247 251
3 251 250 29
3 28 30 252
3 252 251 28
3 29 28 251
3 251 252 248
3 34 29 250
3 250 228 34
3 5 34 228
3 228 250 229
3 253 254 255
3 255 256 253
3 257 253 256
3 256 255 258
3 253 257 259
3 259 260 253
3 254 253 260
3 260 259 85
3 84 86 261
3 261 260 84
3 85 84 260
3 260 261 254
3 94 85 259
3 259 262 94
3 95 94 262
3 262 259 257
3 263 254 261
3 261 264 263
3 265 263 264
3 264 261 86
3 263 265 266
3 266 267 263
3 254 263 267
3 267 266 268
3 269 258 255
3 255 267 269
3 268 269 267
3 267 255 254
3 270 268 266
3 266 271 270
3 272 270 271
3 271 266 265
3 273 274 275
3 275 276 273
3 277 273 276
3 276 275 278
3 273 277 279
3 279 280 273
3 274 273 280
3 280 279 268
3 270 272 281
3 281 280 270
3 268 270 280
3 280 281 274
3 269 268 279
3 279 282 269
3 258 269 282
3 282 279 277
3 283 284 285
3 285 271 283
3 265 283 271
3 271 285 272
3 283 265 286
3 286 287 283
3 284 283 287
3 287 286 107
3 106 14 288
3 288 287 106
3 107 106 287
3 287 288 284
3 110 107 286
3 286 264 110
3 86 110 264
3 264 286 265
3 289 290 291
3 291 292 289
3 293 289 292
3 292 291 294
3 289 293 295
3 295 296 289
3 290 289 296
3 296 295 121
3 120 122 297
3 297 296 120
3 121 120 296
3 296 297 290
3 130 121 295
3 295 298 130
3 131 130 298
3 298 295 293
3 299 290 297
3 297 300 299
3 301 299 300
3 300 297 122
3 299 301 302
3 302 303 299
3 290 299 303
3 303 302 304
3 305 294 291
3 291 303 305
3 304 305 303
3 303 291 290
3 306 304 302
3 302 307 306
3 308 306 307
3 307 302 301
3 309 310 311
3 311 312 309
3 313 309 312
3 312 311 314
3 309 313 315
3 315 316 309
3 310 309 316
3 316 315 304
3 306 308 317
3 317 316 306
3 304 306 316
3 316 317 310
3 305 304 315
3 315 318 305
3 294 305 318
3 318 315 313
3 319 320 321
3 321 307 319
3 301 319 307
3 307 321 308
3 319 301 322
3 322 323 319
3 320 319 323
3 323 322 143
3 142 95 324
3 324 323 142
3 143 142 323
3 323 324 320
3 146 143 322
3 322 300 146
3 122 146 300
3 300 322 301
3 325 326 327
3 327 328 325
3 329 325 328
3 328 327 330
3 325 329 331
3 331 332 325
3 326 325 332
3 332 331 157
3 156 158 333
3 333 332 156
3 157 156 332
3 332 333 326
3 162 157 331
3 331 334 162
3 70 162 334
3 334 331 329
3 335 326 333
3 333 336 335
3 337 335 336
3 336 333 158
3 335 337 338
3 338 339 335
3 326 335 339
3 339 338 340
3 341 330 327
3 327 339 341
3 340 341 339
3 339 327 326
3 342 340 338
3 338 343 342
3 344 342 343
3 343 338 337
3 345 346 347
3 347 348 345
3 349 345 348
3 348 347 350
3 345 349 351
3 351 352 345
3 346 345 352
3 352 351 340
3 342 344 353
3 353 352 342
3 340 342 352
3 352 353 346
3 341 340 351
3 351 354 341
3 330 341 354
3 354 351 349
3 355 356 357
3 357 343 355
3 337 355 343
3 343 357 344
3 355 337 358
3 358 359 355
3 356 355 359
3 359 358 174
3 173 131 360
3 360 359 173
3 174 173 359
3 359 360 356
3 177 174 358
3 358 336 177
3 158 177 336
3 336 358 337
3 361 362 363
3 363 364 361
3 365 361 364
3 364 363 366
3 361 365 367
3 367 368 361
3 362 361 368
3 368 367 238
3 245 236 369
3 369 368 245
3 238 245 368
3 368 369 362
3 239 238 367
3 367 370 239
3 242 239 370
3 370 367 365
3 371 362 369
3 369 372 371
3 373 371 372
3 372 369 236
3 371 373 374
3 374 375 371
3 362 371 375
3 375 374 376
3 377 366 363
3 363 375 377
3 376 377 375
3 375 363 362
3 378 376 374
3 374 379 378
3 186 378 379
3 379 374 373
3 380 205 204
3 204 381 380
3 382 380 381
3 381 204 206
3 380 382 383
3 383 384 380
3 205 380 384
3 384 383 376
3 378 186 210
3 210 384 378
3 376 378 384
3 384 210 205
3 377 376 383
3 383 385 377
3 366 377 385
3 385 383 382
3 386 185 184
3 184 379 386
3 373 386 379
3 379 184 186
3 386 373 387
3 387 388 386
3 185 386 388
3 388 387 248
3 252 30 190
3 190 388 252
3 248 252 388
3 388 190 185
3 249 248 387
3 387 372 249
3 236 249 372
3 372 387 373
3 389 390 391
3 391 392 389
3 393 389 392
3 392 391 394
3 389 393 395
3 395 396 389
3 390 389 396
3 396 395 274
3 281 272 397
3 397 396 281
3 274 281 396
3 396 397 390
3 275 274 395
3 395 398 275
3 278 275 398
3 398 395 393
3 399 390 397
3 397 400 399
3 401 399 400
3 400 397 272
3 399 401 402
3 402 403 399
3 390 399 403
3 403 402 404
3 405 394 391
3 391 403 405
3 404 405 403
3 403 391 390
3 406 404 402
3 402 407 406
3 222 406 407
3 407 402 401
3 408 241 240
3 240 409 408
3 410 408 409
3 409 240 242
3 408 410 411
3 411 412 408
3 241 408 412
3 412 411 404
3 406 222 246
3 246 412 406
3 404 406 412
3 412 246 241
3 405 404 411
3 411 413 405
3 394 405 413
3 413 411 410
3 414 221 220
3 220 407 414
3 401 414 407
3 407 220 222
3 414 401 415
3 415 416 414
3 221 414 416
3 416 415 284
3 288 14 226
3 226 416 288
3 284 288 416
3 416 226 221
3 285 284 415
3 415 400 285
3 272 285 400
3 400 415 401
3 417 418 419
3 419 420 417
3 421 417 420
3 420 419 422
3 417 421 423
3 423 424 417
3 418 417 424
3 424 423 310
3 317 308 425
3 425 424 317
3 310 317 424
3 424 425 418
3 311 310 423
3 423 426 311
3 314 311 426
3 426 423 421
3 427 418 425
3 425 428 427
3 429 427 428
3 428 425 308
3 427 429 430
3 430 431 427
3 418 427 431
3 431 430 432
3 433 422 419
3 419 431 433
3 432 433 431
3 431 419 418
3 434 432 430
3 430 435 434
3 258 434 435
3 435 430 429
3 436 277 276
3 276 437 436
3 438 436 437
3 437 276 278
3 436 438 439
3 439 440 436
3 277 436 440
3 440 439 432
3 434 258 282
3 282 440 434
3 432 434 440
3 440 282 277
3 433 432 439
3 439 441 433
3 422 433 441
3 441 439 438
3 442 257 256
3 256 435 442
3 429 442 435
3 435 256 258
3 442 429 443
3 443 444 442
3 257 442 444
3 444 443 320
3 324 95 262
3 262 444 324
3 320 324 444
3 444 262 257
3 321 320 443
3 443 428 321
3 308 321 428
3 428 443 429
3 445 446 447
3 447 448 445
3 449 445 448
3 448 447 450
3 445 449 451
3 451 452 445
3 446 445 452
3 452 451 346
3 353 344 453
3 453 452 353
3 346 353 452
3 452 453 446
3 347 346 451
3 451 454 347
3 350 347 454
3 454 451 449
3 455 446 453
3 453 456 455
3 457 455 456
3 456 453 344
3 455 457 458
3 458 459 455
3 446 455 459
3 459 458 460
3 461 450 447
3 447 459 461
3 460 461 459
3 459 447 446
3 462 460 458
3 458 463 462
3 294 462 463
3 463 458 457
3 464 313 312
3 312 465 464
3 466 464 465
3 465 312 314
3 464 466 467
3 467 468 464
3 313 464 468
3 468 467 460
3 462 294 318
3 318 468 462
3 460 462 468
3 468 318 313
3 461 460 467
3 467 469 461
3 450 461 469
3 469 467 466
3 470 293 292
3 292 463 470
3 457 470 463
3 463 292 294
3 470 457 471
3 471 472 470
3 293 470 472
3 472 471 356
3 360 131 298
3 298 472 360
3 356 360 472
3 472 298 293
3 357 356 471
3 471 456 357
3 344 357 456
3 456 471 457
3 473 474 475
3 475 476 473
3 477 473 476
3 476 475 478
3 473 477 479
3 479 480 473
3 474 473 480
3 480 479 202
3 209 200 481
3 481 480 209
3 202 209 480
3 480 481 474
3 203 202 479
3 479 482 203
3 206 203 482
3 482 479 477
3 483 474 481
3 481 484 483
3 485 483 484
3 484 481 200
3 483 485 486
3 486 487 483
3 474 483 487
3 487 486 488
3 489 478 475
3 475 487 489
3 488 489 487
3 487 475 474
3 490 488 486
3 486 491 490
3 330 490 491
3 491 486 485
3 492 349 348
3 348 493 492
3 494 492 493
3 493 348 350
3 492 494 495
3 495 496 492
3 349 492 496
3 496 495 488
3 490 330 354
3 354 496 490
3 488 490 496
3 496 354 349
3 489 488 495
3 495 497 489
3 478 489 497
3 497 495 494
3 498 329 328
3 328 491 498
3 485 498 491
3 491 328 330
3 498 485 499
3 499 500 498
3 329 498 500
3 500 499 212
3 216 70 334
3 334 500 216
3 212 216 500
3 500 334 329
3 213 212 499
3 499 484 213
3 200 213 484
3 484 499 485
3 501 502 503
3 503 504 501
3 505 501 504
3 504 503 506
3 501 505 507
3 507 508 501
3 502 501 508
3 508 507 365
3 364 366 509
3 509 508 364
3 365 364 508
3 508 509 502
3 370 365 507
3 507 510 370
3 242 370 510
3 510 507 505
3 511 502 509
3 509 512 511
3 513 511 512
3 512 509 366
3 511 513 514
3 514 515 511
3 502 511 515
3 515 514 516
3 517 506 503
3 503 515 517
3 516 517 515
3 515 503 502
3 518 516 514
3 514 519 518
3 520 518 519
3 519 514 513
3 521 522 523
3 523 524 521
3 525 521 524
3 524 523 526
3 521 525 527
3 527 528 521
3 522 521 528
3 528 527 516
3 518 520 529
3 529 528 518
3 516 518 528
3 528 529 522
3 517 516 527
3 527 530 517
3 506 517 530
3 530 527 525
3 531 532 533
3 533 519 531
3 513 531 519
3 519 533 520
3 531 513 534
3 534 535 531
3 532 531 535
3 535 534 382
3 381 206 536
3 536 535 381
3 382 381 535
3 535 536 532
3 385 382 534
3 534 512 385
3 366 385 512
3 512 534 513
3 537 538 539
3 539 540 537
3 541 537 540
3 540 539 542
3 537 541 543
3 543 544 537
3 538 537 544
3 544 543 393
3 392 394 545
3 545 544 392
3 393 392 544
3 544 545 538
3 398 393 543
3 543 546 398
3 278 398 546
3 546 543 541
3 547 538 545
3 545 548 547
3 549 547 548
3 548 545 394
3 547 549 550
3 550 551 547
3 538 547 551
3 551 550 552
3 553 542 539
3 539 551 553
3 552 553 551
3 551 539 538
3 554 552 550
3 550 555 554
3 506 554 555
3 555 550 549
3 556 525 524
3 524 557 556
3 558 556 557
3 557 524 526
3 556 558 559
3 559 560 556
3 525 556 560
3 560 559 552
3 554 506 530
3 530 560 554
3 552 554 560
3 560 530 525
3 553 552 559
3 559 561 553
3 542 553 561
3 561 559 558
3 562 505 504
3 504 555 562
3 549 562 555
3 555 504 506
3 562 549 563
3 563 564 562
3 505 562 564
3 564 563 410
3 409 242 510
3 510 564 409
3 410 409 564
3 564 510 505
3 413 410 563
3 563 548 413
3 394 413 548
3 548 563 549
3 565 566 567
3 567 568 565
3 569 565 568
3 568 567 570
3 565 569 571
3 571 572 565
3 566 565 572
3 572 571 421
3 420 422 573
3 573 572 420
3 421 420 572
3 572 573 566
3 426 421 571
3 571 574 426
3 314 426 574
3 574 571 569
3 575 566 573
3 573 576 575
3 577 575 576
3 576 573 422
3 575 577 578
3 578 579 575
3 566 575 579
3 579 578 580
3 581 570 567
3 567 579 581
3 580 581 579
3 579 567 566
3 582 580 578
3 578 583 582
3 542 582 583
3 583 578 577
3 584 558 557
3 557 585 584
3 586 584 585
3 585 557 526
3 584 586 587
3 587 588 584
3 558 584 588
3 588 587 580
3 582 542 561
3 561 588 582
3 580 582 588
3 588 561 558
3 581 580 587
3 587 589 581
3 570 581 589
3 589 587 586
3 590 541 540
3 540 583 590
3 577 590 583
3 583 540 542
3 590 577 591
3 591 592 590
3 541 590 592
3 592 591 438
3 437 278 546
3 546 592 437
3 438 437 592
3 592 546 541
3 441 438 591
3 591 576 441
3 422 441 576
3 576 591 577
3 593 594 595
3 595 596 593
3 597 593 596
3 596 595 598
3 593 597 599
3 599 600 593
3 594 593 600
3 600 599 449
3 448 450 601
3 601 600 448
3 449 448 600
3 600 601 594
3 454 449 599
3 599 602 454
3 350 454 602
3 602 599 597
3 603 594 601
3 601 604 603
3 605 603 604
3 604 601 450
3 603 605 606
3 606 607 603
3 594 603 607
3 607 606 608
3 609 598 595
3 595 607 609
3 608 609 607
3 607 595 594
3 610 608 606
3 606 611 610
3 570 610 611
3 611 606 605
3 612 586 585
3 585 613 612
3 614 612 613
3 613 585 526
3 612 614 615
3 615 616 612
3 586 612 616
3 616 615 608
3 610 570 589
3 589 616 610
3 608 610 616
3 616 589 586
3 609 608 615
3 615 617 609
3 598 609 617
3 617 615 614
3 618 569 568
3 568 611 618
3 605 618 611
3 611 568 570
3 618 605 619
3 619 620 618
3 569 618 620
3 620 619 466
3 465 314 574
3 574 620 465
3 466 465 620
3 620 574 569
3 469 466 619
3 619 604 469
3 450 469 604
3 604 619 605
3 621 622 623
3 623 533 621
3 532 621 533
3 533 623 520
3 621 532 624
3 624 625 621
3 622 621 625
3 625 624 477
3 476 478 626
3 626 625 476
3 477 476 625
3 625 626 622
3 482 477 624
3 624 536 482
3 206 482 536
3 536 624 532
3 627 622 626
3 626 628 627
3 629 627 628
3 628 626 478
3 627 629 630
3 630 631 627
3 622 627 631
3 631 630 632
3 633 520 623
3 623 631 633
3 632 633 631
3 631 623 622
3 634 632 630
3 630 635 634
3 598 634 635
3 635 630 629
3 636 614 613
3 613 523 636
3 522 636 523
3 523 613 526
3 636 522 637
3 637 638 636
3 614 636 638
3 638 637 632
3 634 598 617
3 617 638 634
3 632 634 638
3 638 617 614
3 633 632 637
3 637 529 633
3 520 633 529
3 529 637 522
3 639 597 596
3 596 635 639
3 629 639 635
3 635 596 598
3 639 629 640
3 640 641 639
3 597 639 641
3 641 640 494
3 493 350 602
3 602 641 493
3 494 493 641
3 641 602 597
3 497 494 640
3 640 628 497
3 478 497 628
3 628 640 629
