ply
format ascii 1.0
comment file created with libplyloader (2012-07-04 22:27:30).
comment Created by Blender 2.60 (sub 0) - www.blender.org, source file: ''
comment meta host: istar
comment meta accel-struct: generic_stackless_binary_bvh
comment meta accel-struct-ctor: stackless bvh ctor (based on bbvh_constructor_using_median: SM)
comment meta ray-tracer: bbvh_direct_is_tracer
comment meta bouncer: binary_png_tester
element vertex 642
property float x
property float y
property float z
property float nx
property float ny
property float nz
property float rps
element face 1280
property list uchar uint vertex_indices
end_header
0.02311900072 -0.7834470272 -0.6210290194 0.02188199945 -0.7833189964 -0.6212040186 2031777.5
0.05279000103 -0.6881849766 -0.7236120105 0.05655099824 -0.6854150295 -0.7259129882 1987725.375
0.1597969979 -0.7579299808 -0.6324610114 0.1637620032 -0.7553330064 -0.6345099807 1789383.75
0.1291570067 -0.8439069986 -0.5207110047 0.1284829974 -0.844020009 -0.5206459761 1874014
-0.007025999948 -0.8626649976 -0.5057280064 -0.00799600035 -0.8627279997 -0.5055699944 2100985.75
0.2628690004 -0.8090119958 -0.5257380009 0.2628560066 -0.8089849949 -0.5257120132 1655663.5
-0.1191110015 -0.7926449776 -0.5979350209 -0.1182290018 -0.7921990156 -0.5986509919 2176278
-0.08856300265 -0.7023050189 -0.7063459754 -0.08838199824 -0.7031769753 -0.7054659724 2185912.25
-0.2281029969 -0.7020419836 -0.6746150255 -0.2283090055 -0.7026579976 -0.6738790274 2249062.75
-0.1971649975 -0.6068210006 -0.7699970007 -0.1973019987 -0.607288003 -0.7695549726 2313066.5
-0.1624560058 -0.4999949932 -0.850654006 -0.1624500006 -0.4999850094 -0.8506420255 2398306.5
-0.05551600084 -0.6014959812 -0.7969449759 -0.05200399831 -0.5985590219 -0.7993710041 2208739.25
-0.2546809912 -0.7838400006 -0.5663329959 -0.2548600137 -0.7843869925 -0.5654469728 2200355.75
-0.1430740058 -0.8649269938 -0.4810729921 -0.1440780014 -0.8648639917 -0.4808189869 2211532.5
-0.2763850093 -0.8506399989 -0.4472149909 -0.276376009 -0.8506420255 -0.4472180009 2227801
0.09677899629 -0.5642480254 -0.8199130297 0.09836100042 -0.5645009875 -0.8195139766 1957815.125
-0.01228000037 -0.4684239924 -0.8834180236 -0.01116999984 -0.4728839993 -0.8810390234 2305981.75
0.1381970048 -0.4253199995 -0.8944299817 0.1396220028 -0.4297310114 -0.8920869827 2012529.125
0.2533659935 -0.5133690238 -0.8199130297 0.2522349954 -0.5145120025 -0.8195139766 1681391.125
0.2100879997 -0.6465719938 -0.7333539724 0.2096929997 -0.6454049945 -0.7344580293 1703755
0.3618040085 -0.5877789855 -0.7236120105 0.3571279943 -0.5877559781 -0.7259129882 1480217.5
0.3162289858 -0.7071009874 -0.6324610114 0.3114719987 -0.7073270082 -0.6345099807 1543455.375
0.3984690011 -0.4539850056 -0.7969449759 0.3939020038 -0.4536580145 -0.7993710041 1471338.625
0.2852720022 -0.3717420101 -0.8834180236 0.286996007 -0.3759880066 -0.8810390234 1732032.625
0.4253230095 -0.3090110123 -0.850654006 0.4253059924 -0.3089999855 -0.8506420255 1520724.5
0.5622739792 -0.5712460279 -0.5979350209 0.5612959862 -0.5713980198 -0.5986509919 1284869.75
0.597194016 -0.4338819981 -0.6746150255 0.597736001 -0.4342480004 -0.6738790274 1264360.375
0.6667760015 -0.4844349921 -0.5663329959 0.6672570109 -0.4847559929 -0.5654469728 1222668.875
0.6241469979 -0.6156370044 -0.4810729921 0.6249279976 -0.6149780154 -0.4808189869 1268431.75
0.5127530098 -0.6937749982 -0.5057269931 0.5135650039 -0.6932579875 -0.5055699944 1352986
0.7235999703 -0.5257200003 -0.4472149909 0.7235940099 -0.5257120132 -0.4472180009 1222638.75
0.441801995 -0.647405982 -0.6210280061 0.4427320063 -0.6465650201 -0.6212040186 1389910.875
0.4844590127 -0.5161150098 -0.7063459754 0.4848479927 -0.5169230103 -0.7054659724 1349220
0.5161939859 -0.3750320077 -0.7699959874 0.516587019 -0.3753170073 -0.7695549726 1352676.75
0.3915550113 -0.7586470246 -0.5207110047 0.392132014 -0.7583540082 -0.5206459761 1484160.5
0.181494996 -0.2960000038 -0.9377869964 0.1803030074 -0.2956629992 -0.938108027 2087294.875
0.2210759968 -0.1606190056 -0.9619389772 0.2202830017 -0.1600389928 -0.9621880054 2191720.25
0.3263190091 -0.2370820045 -0.915045023 0.3258160055 -0.2367019951 -0.9153109789 1798965.625
0.02715599909 -0.3461489975 -0.9377869964 0.02789399959 -0.3451949954 -0.938108027 2440278.75
0.06921599805 -0.2130199969 -0.9745929837 0.06958200037 -0.2141479999 -0.9743030071 2515376.5
-0.08444199711 -0.2598890066 -0.9619389772 -0.08414000273 -0.258949995 -0.9621880054 2648130.5
-0.04262800142 -0.1311990023 -0.9904389977 -0.04229899868 -0.1302219927 -0.9905700088 2776872.5
0 0 -1 0 0 -1 2797473.75
0.1116050035 -0.08108499646 -0.9904389977 0.1107520014 -0.08047699928 -0.9905700088 2567044.25
-0.1246400028 -0.3836100101 -0.915045023 -0.1244240031 -0.38300699 -0.9153109789 2528736.5
0.7522469759 -0.2201129943 -0.6210269928 0.7517319918 -0.2212290019 -0.6212040186 1210369.5
0.6708170176 -0.1624570042 -0.7236109972 0.6693620086 -0.1579940021 -0.7259129882 1300059.5
0.7702149749 -0.08224099874 -0.6324599981 0.7689750195 -0.07763899863 -0.6345099807 1249314.375
0.8425149918 -0.1379500031 -0.5207099915 0.8424329758 -0.1385850012 -0.5206459761 1196159
0.8182719946 -0.2732619941 -0.5057259798 0.8180180192 -0.2742089927 -0.5055699944 1178086.375
0.8506479859 0 -0.5257359743 0.8506420255 0 -0.5257120132 1208559.25
0.7170429826 -0.3582229912 -0.5979340076 0.7168800235 -0.357250005 -0.5986509919 1202402.25
0.6405649781 -0.3012540042 -0.7063450217 0.6414380074 -0.3013699949 -0.7054659724 1259587.125
0.5549020171 -0.2386730015 -0.7969440222 0.5531780124 -0.234442994 -0.7993710041 1377217.5
0.7783820033 -0.4033490121 -0.4810729921 0.7780079842 -0.4043090045 -0.4808189869 1188894.625
0.5665400028 -0.08232200146 -0.8199120164 0.5672780275 -0.08087400347 -0.8195139766 1480316.125
0.441704005 -0.1564320028 -0.8834180236 0.4462719858 -0.1567739993 -0.8810390234 1640789.375
0.4472100139 0 -0.894429028 0.4518570006 0 -0.8920869827 1704784.25
0.5665400028 0.08232200146 -0.8199120164 0.5672780275 0.08087400347 -0.8195139766 1448832.125
0.6798480153 0 -0.7333530188 0.6786100268 0 -0.7344580293 1351322.5
0.6708170176 0.1624570042 -0.7236109972 0.6693620086 0.1579940021 -0.7259129882 1251263.75
0.7702149749 0.08224099874 -0.6324599981 0.7689750195 0.07763899863 -0.6345099807 1230225.125
0.5549020171 0.2386730015 -0.7969440222 0.5531780124 0.234442994 -0.7993710041 1291377.125
0.441704005 0.1564320028 -0.8834180236 0.4462719858 0.1567739993 -0.8810390234 1604915.5
0.4253230095 0.3090110123 -0.850654006 0.4253059924 0.3089999855 -0.8506420255 1412086.625
0.7170429826 0.3582229912 -0.5979340076 0.7168800235 0.357250005 -0.5986509919 1044103.5
0.597194016 0.4338819981 -0.6746150255 0.597736001 0.4342480004 -0.6738790274 1092614.5
0.6667760015 0.4844349921 -0.5663329959 0.6672570109 0.4847559929 -0.5654469728 1010118.312
0.7783820033 0.4033490121 -0.4810729921 0.7780079842 0.4043090045 -0.4808189869 985397.4375
0.8182719946 0.2732619941 -0.5057259798 0.8180180192 0.2742089927 -0.5055699944 1049531.5
0.7235999703 0.5257200003 -0.4472149909 0.7235940099 0.5257120132 -0.4472180009 957129.5
0.7522469759 0.2201129943 -0.6210269928 0.7517319918 0.2212290019 -0.6212040186 1130528.5
0.6405649781 0.3012540042 -0.7063450217 0.6414380074 0.3013699949 -0.7054659724 1140372.875
0.5161939859 0.3750320077 -0.7699959874 0.516587019 0.3753170073 -0.7695549726 1215581.25
0.8425149918 0.1379500031 -0.5207099915 0.8424329758 0.1385850012 -0.5206459761 1147486.125
0.3375990093 0.08113999665 -0.9377859831 0.3369239867 0.08011099696 -0.938108027 1927066
0.2210759968 0.1606190056 -0.9619389772 0.2202830017 0.1600389928 -0.9621880054 2017515.125
0.3263190091 0.2370820045 -0.915045023 0.3258160055 0.2367019951 -0.9153109789 1676147.875
0.3375990093 -0.08113999665 -0.9377859831 0.3369239867 -0.08011099696 -0.938108027 1961691.75
0.2239840031 0 -0.9745929837 0.225165993 0 -0.9743030071 2294589.5
0.1116050035 0.08108499646 -0.9904389977 0.1107520014 0.08047699928 -0.9905700088 2451777
-0.7379620075 -0.2640810013 -0.6210259795 -0.7382119894 -0.2628560066 -0.6212040186 2318102.5
-0.6381949782 -0.2628639936 -0.7236089706 -0.6343880296 -0.2655720115 -0.7259129882 2340490
-0.6714580059 -0.3861849904 -0.6324589849 -0.6677449942 -0.3891409934 -0.6345099807 2391094
-0.7626960278 -0.3836109936 -0.5207089782 -0.7629929781 -0.38300699 -0.5206459761 2417174.25
-0.8226180077 -0.2598899901 -0.5057240129 -0.8229619861 -0.258980006 -0.5055699944 2331750.25
-0.6881890297 -0.49999699 -0.5257359743 -0.6881620288 -0.4999850094 -0.5257120132 2433609.25
-0.7906619906 -0.1316549927 -0.5979310274 -0.7899720073 -0.1323280036 -0.5986509919 2276397.5
-0.6953039765 -0.132791996 -0.7063419819 -0.6960970163 -0.1331830025 -0.7054659724 2254313.75
-0.7381740212 0 -0.6746100187 -0.7388229966 0 -0.6738489866 2125744.25
-0.6380519867 0 -0.7699930072 -0.6385390162 0 -0.7695549726 2127143
-0.5257300138 0 -0.8506519794 -0.5257120132 0 -0.8506420255 2233194.5
-0.5892159939 -0.133070007 -0.7969419956 -0.5853449702 -0.1354719996 -0.7993710041 2288362
-0.824180007 0 -0.5663279891 -0.824763 0 -0.5654469728 2166699.5
-0.8668090105 -0.1312000006 -0.4810700119 -0.8670610189 -0.1302219927 -0.4808189869 2335263
-0.8944249749 0 -0.4472149909 -0.8944060206 0 -0.44718799 2237724
-0.5067290068 -0.2664020061 -0.8199120164 -0.5064849854 -0.2679829895 -0.8195139766 2392746
-0.4492970109 -0.133070007 -0.8834170103 -0.4532000124 -0.1354719996 -0.8810390234 2464630.5
-0.3617999852 -0.2628630102 -0.894429028 -0.3655509949 -0.2655720115 -0.8920869827 2508072.75
-0.4099510014 -0.3996039927 -0.8199130297 -0.4113889933 -0.3988769948 -0.8195139766 2435180.25
-0.5500090122 -0.3996039927 -0.7333530188 -0.5490279794 -0.3988769948 -0.7344580293 2376135
-0.4472109973 -0.525726974 -0.7236109972 -0.4486219883 -0.521287024 -0.7259129882 2393229
-0.5747759938 -0.5192549825 -0.6324610114 -0.5764639974 -0.5148169994 -0.6345099807 2390548.75
-0.3086329997 -0.5192540288 -0.7969449759 -0.3097319901 -0.5148169994 -0.7993710041 2371363.25
-0.2653949857 -0.3861840069 -0.8834180236 -0.2688989937 -0.3891409934 -0.8810390234 2487918.5
-0.3695360124 -0.7112780213 -0.5979350209 -0.3699760139 -0.7104099989 -0.5986509919 2241430.25
-0.3926349878 -0.7838400006 -0.4810729921 -0.3917660117 -0.7843869925 -0.4808189869 2235159.75
-0.501372993 -0.7020429969 -0.5057269931 -0.5005949736 -0.7026579976 -0.5055699944 2305482.75
-0.4791989923 -0.6202359796 -0.6210280061 -0.4781030118 -0.6208689809 -0.6212040186 2357327.5
-0.3411499858 -0.6202359796 -0.7063459754 -0.3417769969 -0.6208379865 -0.7054659724 2311946.5
-0.600522995 -0.6068220139 -0.5207099915 -0.6000549793 -0.607288003 -0.5206459761 2421244.25
-0.2254289985 -0.264079988 -0.9377859831 -0.2254710048 -0.2628560066 -0.938108027 2610135.5
-0.320818007 -0.1327909976 -0.9377859831 -0.3196510077 -0.1331830025 -0.938108027 2634276.75
-0.1812060028 -0.1316539943 -0.9745929837 -0.1821649969 -0.1323280036 -0.9743030071 2752795
-0.2732659876 0 -0.9619389772 -0.2722859979 0 -0.9621880054 2653464.75
-0.1379519999 0 -0.9904389977 -0.136905998 0 -0.9905700088 2838580
-0.4033539891 0 -0.9150440097 -0.4027220011 0 -0.9153109789 2423489.5
-0.4791989923 0.6202359796 -0.6210280061 -0.4781030118 0.6208689809 -0.6212040186 1104585.125
-0.4472109973 0.525726974 -0.7236109972 -0.4486219883 0.521287024 -0.7259129882 1277539.75
-0.5747759938 0.5192549825 -0.6324610114 -0.5764639974 0.5148169994 -0.6345099807 1259414
-0.600522995 0.6068220139 -0.5207099915 -0.6000549793 0.607288003 -0.5206459761 1197461.125
-0.501372993 0.7020429969 -0.5057269931 -0.5005949736 0.7026579976 -0.5055699944 1143721.25
-0.6881890297 0.49999699 -0.5257359743 -0.6881620288 0.4999850094 -0.5257120132 1289137.25
-0.3695360124 0.7112780213 -0.5979350209 -0.3699760139 0.7104099989 -0.5986509919 1150514.25
-0.3411499858 0.6202359796 -0.7063459754 -0.3417769969 0.6208379865 -0.7054659724 1223980.75
-0.2281029969 0.7020419836 -0.6746150255 -0.2283090055 0.7026579976 -0.6738790274 1205281.875
-0.1971649975 0.6068210006 -0.7699970007 -0.1973019987 0.607288003 -0.7695549726 1306066.375
-0.1624560058 0.4999949932 -0.850654006 -0.1624500006 0.4999850094 -0.8506420255 1475306.75
-0.3086329997 0.5192540288 -0.7969449759 -0.3097319901 0.5148169994 -0.7993710041 1342608.375
-0.2546809912 0.7838400006 -0.5663329959 -0.2548600137 0.7843869925 -0.5654469728 1143615
-0.3926349878 0.7838400006 -0.4810729921 -0.3917660117 0.7843869925 -0.4808189869 1117730.375
-0.2763850093 0.8506399989 -0.4472149909 -0.276376009 0.8506420255 -0.4472180009 1117611.375
-0.4099510014 0.3996039927 -0.8199130297 -0.4113889933 0.3988769948 -0.8195139766 1470486.875
-0.2653949857 0.3861840069 -0.8834180236 -0.2688989937 0.3891409934 -0.8810390234 1596476.625
-0.3617999852 0.2628630102 -0.894429028 -0.3655509949 0.2655720115 -0.8920869827 1780645.75
-0.5067290068 0.2664020061 -0.8199120164 -0.5064849854 0.2679829895 -0.8195139766 1653862.625
-0.5500090122 0.3996039927 -0.7333530188 -0.5490279794 0.3988769948 -0.7344580293 1397020.25
-0.6381949782 0.2628639936 -0.7236089706 -0.6343880296 0.2655720115 -0.7259129882 1579997.375
-0.6714580059 0.3861849904 -0.6324589849 -0.6677449942 0.3891409934 -0.6345099807 1397111.875
-0.5892159939 0.133070007 -0.7969419956 -0.5853449702 0.1354719996 -0.7993710041 1874095.625
-0.4492970109 0.133070007 -0.8834170103 -0.4532000124 0.1354719996 -0.8810390234 2029162.125
-0.7906619906 0.1316549927 -0.5979310274 -0.7899720073 0.1323280036 -0.5986509919 1841302.375
-0.8668090105 0.1312000006 -0.4810700119 -0.8670610189 0.1302219927 -0.4808189869 1916935.625
-0.8226180077 0.2598899901 -0.5057240129 -0.8229619861 0.258980006 -0.5055699944 1606998.25
-0.7379620075 0.2640810013 -0.6210259795 -0.7382119894 0.2628560066 -0.6212040186 1568631.125
-0.6953039765 0.132791996 -0.7063419819 -0.6960970163 0.1331830025 -0.7054659724 1825681.875
-0.7626960278 0.3836109936 -0.5207089782 -0.7629929781 0.38300699 -0.5206459761 1417534.75
-0.320818007 0.1327909976 -0.9377859831 -0.3196510077 0.1331830025 -0.938108027 2230587.5
-0.2254289985 0.264079988 -0.9377859831 -0.2254710048 0.2628560066 -0.938108027 1955732.25
-0.1812060028 0.1316539943 -0.9745929837 -0.1821649969 0.1323280036 -0.9743030071 2458362
-0.08444199711 0.2598890066 -0.9619389772 -0.08414000273 0.258949995 -0.9621880054 2091701.875
-0.04262800142 0.1311990023 -0.9904389977 -0.04229899868 0.1302219927 -0.9905700088 2559632.5
-0.1246400028 0.3836100101 -0.915045023 -0.1244240031 0.38300699 -0.9153109789 1730211.5
0.441801995 0.647405982 -0.6210280061 0.4427320063 0.6465650201 -0.6212040186 1058952
0.3618040085 0.5877789855 -0.7236120105 0.3571279943 0.5877559781 -0.7259129882 1158027.625
0.3162289858 0.7071009874 -0.6324610114 0.3114719987 0.7073270082 -0.6345099807 1089806.875
0.3915550113 0.7586470246 -0.5207110047 0.392132014 0.7583540082 -0.5206459761 1009443.125
0.5127530098 0.6937749982 -0.5057269931 0.5135650039 0.6932579875 -0.5055699944 991275.5
0.2628690004 0.8090119958 -0.5257380009 0.2628560066 0.8089849949 -0.5257120132 1046387.812
0.5622739792 0.5712460279 -0.5979350209 0.5612959862 0.5713980198 -0.5986509919 1038878.688
0.4844590127 0.5161150098 -0.7063459754 0.4848479927 0.5169230103 -0.7054659724 1127155.375
0.3984690011 0.4539850056 -0.7969449759 0.3939020038 0.4536580145 -0.7993710041 1259215.5
0.6241469979 0.6156370044 -0.4810729921 0.6249279976 0.6149780154 -0.4808189869 978362.8125
0.2533659935 0.5133690238 -0.8199130297 0.2522349954 0.5145120025 -0.8195139766 1324407.75
0.2852720022 0.3717420101 -0.8834180236 0.286996007 0.3759880066 -0.8810390234 1496288.125
0.1381970048 0.4253199995 -0.8944299817 0.1396220028 0.4297310114 -0.8920869827 1568054.25
0.09677899629 0.5642480254 -0.8199130297 0.09836100042 0.5645009875 -0.8195139766 1385653.375
0.2100879997 0.6465719938 -0.7333539724 0.2096929997 0.6454049945 -0.7344580293 1210367.25
0.05279000103 0.6881849766 -0.7236120105 0.05655099824 0.6854150295 -0.7259129882 1256456.75
0.1597969979 0.7579299808 -0.6324610114 0.1637620032 0.7553330064 -0.6345099807 1142824.25
-0.05551600084 0.6014959812 -0.7969449759 -0.05200399831 0.5985590219 -0.7993710041 1368316.5
-0.01228000037 0.4684239924 -0.8834180236 -0.01116999984 0.4728839993 -0.8810390234 1576281.75
-0.1191110015 0.7926449776 -0.5979350209 -0.1182290018 0.7921990156 -0.5986509919 1173930.625
-0.1430740058 0.8649269938 -0.4810729921 -0.1440780014 0.8648639917 -0.4808189869 1138071.25
-0.007025999948 0.8626649976 -0.5057280064 -0.00799600035 0.8627279997 -0.5055699944 1132153.875
0.02311900072 0.7834470272 -0.6210290194 0.02188199945 0.7833189964 -0.6212040186 1176440.5
-0.08856300265 0.7023050189 -0.7063459754 -0.08838199824 0.7031769753 -0.7054659724 1250332.125
0.1291570067 0.8439069986 -0.5207110047 0.1284829974 0.844020009 -0.5206459761 1096452
0.02715599909 0.3461489975 -0.9377869964 0.02789399959 0.3451949954 -0.938108027 1827219.125
0.181494996 0.2960000038 -0.9377869964 0.1803030074 0.2956629992 -0.938108027 1780567.125
0.06921599805 0.2130199969 -0.9745929837 0.06958200037 0.2141479999 -0.9743030071 2159294.75
0.918241024 -0.3012549877 -0.2570579946 0.9178439975 -0.3013699949 -0.2582480013 1183939.625
0.9472129941 -0.1624580026 -0.2763960063 0.9486370087 -0.1579940021 -0.2740559876 1070130.125
0.9609670043 -0.2386739999 -0.1399209946 0.9623709917 -0.234442994 -0.1372720003 1234744.375
0.9195539951 -0.3750340044 -0.1173499972 0.9193400145 -0.3753170073 -0.1178930029 1256814
0.8704649806 -0.4338830113 -0.2324559987 0.8700219989 -0.4342480004 -0.2332530022 1252556.875
0.9510579705 -0.3090130091 0 0.9510480165 -0.3089999855 0 1213788.125
0.8554760218 -0.3582240045 -0.3739469945 0.8560749888 -0.357250005 -0.3734860122 1191981.875
0.8918750286 -0.2201139927 -0.3951070011 0.8918120265 -0.2212290019 -0.3945739865 1179091
0.9101359844 -0.08224099874 -0.4060649872 0.911435008 -0.07763899863 -0.4040040076 1192961.625
0.8047310114 -0.4844360054 -0.343118012 0.8041629791 -0.4847869873 -0.3439129889 1228845.625
0.9599660039 0 -0.2801170051 0.9604179859 0 -0.278512001 1203897
0.9101359844 0.08224099874 -0.4060649872 0.911435008 0.07763899863 -0.4040040076 1161474.125
0.9472129941 0.1624580026 -0.2763960063 0.9486370087 0.1579940021 -0.2740559876 1114122.5
0.9867150187 0.08232200146 -0.1400589943 0.9866939783 0.08087400347 -0.140873 1194754.75
0.9867150187 -0.08232200146 -0.1400589943 0.9866939783 -0.08087400347 -0.140873 1239719.375
1 0 0 0.9999690056 0 -0.005187999923 1200879.25
0.9876890182 -0.1564320028 0 0.9876099825 -0.1567739993 -0.00515800016 1140848.25
0.9876890182 0.1564320028 0 0.9876099825 0.1567739993 -0.00515800016 977633.4375
0.9609670043 0.2386739999 -0.1399209946 0.9623709917 0.234442994 -0.1372720003 942225.1875
0.9510579705 0.3090130091 0 0.9510480165 0.3089999855 0 873618.75
0.9718710184 0 0.2355130017 0.9721369743 0 0.2342910022 1068226.25
0.9592530131 0.1606200039 0.2324550003 0.9591360092 0.1600389928 0.2332530022 1013188.562
0.9357870221 0.08108499646 0.3431159854 0.9355139732 0.08047699928 0.3439129889 1021253.375
0.9357870221 -0.08108499646 0.3431159854 0.9355139732 -0.08047699928 0.3439129889 1054144.875
0.9592530131 -0.1606200039 0.2324550003 0.9591360092 -0.1600389928 0.2332530022 1096791.875
0.8944249749 0 0.4472149909 0.8944060206 0 0.44718799 1019561.312
0.9897609949 -0.08114100248 0.1174300015 0.9897459745 -0.08011099696 0.1181679964 1158127.5
0.9897609949 0.08114100248 0.1174300015 0.9897459745 0.08011099696 0.1181679964 1117425.5
0.9643759727 0.2370830029 0.1173499972 0.964384973 0.2367019951 0.1178930029 1005446.75
0.9643759727 -0.2370830029 0.1173499972 0.964384973 -0.2367019951 0.1178930029 1153315
0.918241024 0.3012549877 -0.2570579946 0.9178439975 0.3013699949 -0.2582480013 1014172.812
0.8704649806 0.4338830113 -0.2324559987 0.8700219989 0.4342480004 -0.2332530022 947339.875
0.9195539951 0.3750340044 -0.1173499972 0.9193400145 0.3753170073 -0.1178930029 976902.25
0.8918750286 0.2201139927 -0.3951070011 0.8918120265 0.2212290019 -0.3945739865 1065643.25
0.8554760218 0.3582240045 -0.3739469945 0.8560749888 0.357250005 -0.3734860122 980425.125
0.8047310114 0.4844360054 -0.343118012 0.8041629791 0.4847869873 -0.3439129889 933969.75
-0.002760000061 -0.9663919806 -0.2570590079 -0.002990999958 -0.9660630226 -0.2582480013 2274205.25
0.1381990016 -0.9510549903 -0.2763969898 0.1428270042 -0.9510179758 -0.2740559876 2020278
0.06996099651 -0.987688005 -0.1399209946 0.07440400124 -0.9877009988 -0.1372720003 2246535.75
-0.07252400368 -0.9904389977 -0.1173499972 -0.07284799963 -0.9903259873 -0.1178930029 2453140
-0.1436610073 -0.9619380236 -0.2324559987 -0.1441390067 -0.9616379738 -0.2332530022 2424049.75
0 -1 0 0 -1 0 2293365
-0.07633499801 -0.9243029952 -0.3739480078 -0.07519800216 -0.9245579839 -0.3734860122 2246851.75
0.06626500189 -0.9162420034 -0.3951080143 0.0651570037 -0.91653198 -0.3945739865 2049345
0.2030330002 -0.8910030127 -0.4060670137 0.2077700049 -0.890805006 -0.404035002 1809033.625
-0.2120520025 -0.9150429964 -0.343118012 -0.2125310004 -0.914609015 -0.3439129889 2304587
0.2966479957 -0.9129809737 -0.2801179886 0.2967619896 -0.9133880138 -0.278512001 1752594.75
0.359468013 -0.8401740193 -0.4060670137 0.3555099964 -0.8427990079 -0.404035002 1580079.375
0.4472160041 -0.8506479859 -0.2763969898 0.443434 -0.853358984 -0.2740559876 1561181
0.3832069933 -0.912981987 -0.1400589943 0.3818480074 -0.9134190083 -0.140873 1723320.875
0.2266190052 -0.9638609886 -0.1400589943 0.2279430032 -0.9634079933 -0.140873 1965283
0.3090170026 -0.9510560036 0 0.3089999855 -0.9510179758 -0.005187999923 1796344.75
0.1564349979 -0.987688005 0 0.1560720056 -0.9877009988 -0.00515800016 2045127.25
0.4539909959 -0.8910059929 0 0.4542990029 -0.890805006 -0.00515800016 1613500.625
0.5239520073 -0.8401769996 -0.1399209946 0.5203409791 -0.8428300023 -0.1372720003 1561295.5
0.5877860188 -0.8090170026 0 0.5877559781 -0.809014976 0 1475804.125
0.3003230095 -0.9243050218 0.2355149984 0.3003939986 -0.9245579839 0.2343209982 1578843.125
0.4491850138 -0.8626679778 0.232456997 0.4485920072 -0.8627279997 0.2332530022 1426069.75
0.3662889898 -0.8649290204 0.343118012 0.3656120002 -0.8648639917 0.3439129889 1397746.375
0.2120520025 -0.9150429964 0.343118012 0.2125310004 -0.914609015 0.3439129889 1565171.5
0.1436610073 -0.9619380236 0.2324559987 0.1441390067 -0.9616379738 0.2332530022 1785679.5
0.2763850093 -0.8506399989 0.4472149909 0.276376009 -0.8506420255 0.4472180009 1390648.25
0.2286809981 -0.9663929939 0.1174309999 0.2296209931 -0.9660630226 0.1181679964 1819525.875
0.3830229938 -0.9162439704 0.1174309999 0.3820309937 -0.91653198 0.1181679964 1608666.875
0.5234900117 -0.8439109921 0.1173499972 0.5231480002 -0.844020009 0.1178930029 1465335.75
0.07252400368 -0.9904389977 0.1173499972 0.07284799963 -0.9903259873 0.1178930029 2053375.75
0.5702679753 -0.7802019715 -0.2570590079 0.5702689886 -0.7797780037 -0.2582480013 1447806.25
0.6816409826 -0.6937789917 -0.232456997 0.6818749905 -0.6932579875 -0.2332530022 1365126.5
0.6408410072 -0.7586510181 -0.1173499972 0.6410409808 -0.7583540082 -0.1178930029 1450096
0.484950006 -0.7802010179 -0.3951080143 0.486007005 -0.7797780037 -0.3945739865 1441971.125
0.6050530076 -0.702903986 -0.3739469945 0.6042969823 -0.703756988 -0.3734860122 1337952
0.7094069719 -0.6156389713 -0.343118012 0.7095549703 -0.6149780154 -0.3439129889 1278782.375
-0.9199479818 -0.2960020006 -0.2570579946 -0.919705987 -0.2956629992 -0.2582480013 2616505.25
-0.8618040085 -0.4253219962 -0.2763960063 -0.8603469729 -0.4297310114 -0.2740559876 2686727.5
-0.9177299738 -0.3717440069 -0.1399209946 -0.9163789749 -0.3759880066 -0.1372720003 2791468.25
-0.9643759727 -0.2370830029 -0.1173499972 -0.964384973 -0.2367019951 -0.1178930029 2774392.5
-0.9592530131 -0.1606200039 -0.2324550003 -0.9591360092 -0.1600389928 -0.2332530022 2655612.5
-0.9510579705 -0.3090130091 0 -0.9510480165 -0.3089999855 0 2768166.75
-0.9026560187 -0.2130209953 -0.3739449978 -0.9025539756 -0.2141479999 -0.3734860122 2437963.75
-0.850924015 -0.3461509943 -0.3951059878 -0.8515269756 -0.3451949954 -0.3945739865 2459344.75
-0.7846570015 -0.4684270024 -0.4060660005 -0.7830129862 -0.4728839993 -0.4040040076 2535006.5
-0.9357870221 -0.08108499646 -0.3431159854 -0.9355139732 -0.08047699928 -0.3439129889 2452426.25
-0.7766299844 -0.5642520189 -0.2801179886 -0.7770010233 -0.5645009875 -0.278512001 2737204.5
-0.6879749894 -0.6014990211 -0.4060660005 -0.6917020082 -0.5985590219 -0.404035002 2534592.25
-0.6708199978 -0.6881899834 -0.2763960063 -0.6745809913 -0.6854150295 -0.2740559876 2574539.5
-0.7498819828 -0.6465759873 -0.1400589943 -0.7506939769 -0.6454049945 -0.140873 2792821.25
-0.8466590047 -0.5133730173 -0.1400589943 -0.8458200097 -0.5145120025 -0.140873 2899207.25
-0.8090180159 -0.587782979 0 -0.8089849949 -0.5877559781 -0.005187999923 2738542.75
-0.8910080194 -0.4539870024 0 -0.8911399841 -0.4536580145 -0.00515800016 2788502
-0.7071080208 -0.7071059942 0 -0.706839025 -0.7073270082 -0.00515800016 2597223.5
-0.6371470094 -0.7579349875 -0.1399209946 -0.6407669783 -0.7553330064 -0.1372720003 2382893.25
-0.5877860188 -0.8090170026 0 -0.5877559781 -0.809014976 0 2489139.75
-0.7862619758 -0.5712479949 0.2355140001 -0.7864930034 -0.5713980198 0.2343209982 2282875.75
-0.6816409826 -0.6937789917 0.232456997 -0.6818749905 -0.6932579875 0.2332530022 2111722.75
-0.7094069719 -0.6156389713 0.343118012 -0.7095549703 -0.6149780154 0.3439129889 1987565.625
-0.8047310114 -0.4844360054 0.343118012 -0.8041629791 -0.4847869873 0.3439129889 2183621.75
-0.8704649806 -0.4338830113 0.2324559987 -0.8700219989 -0.4342480004 0.2332530022 2399421.5
-0.7235999703 -0.5257200003 0.4472149909 -0.7235940099 -0.5257120132 0.4472180009 1913955.875
-0.8484290242 -0.51611799 0.1174309999 -0.8478040099 -0.5169230103 0.1181679964 2305493
-0.753041029 -0.6474099755 0.1174309999 -0.753624022 -0.6465650201 0.1181679964 2186570.5
-0.6408410072 -0.7586510181 0.1173499972 -0.6410409808 -0.7583540082 0.1178930029 2048904.375
-0.9195539951 -0.3750340044 0.1173499972 -0.9193400145 -0.3753170073 0.1178930029 2336491
-0.5657960176 -0.7834510207 -0.2570590079 -0.5653859973 -0.7833189964 -0.2582480013 2280145.5
-0.4491850138 -0.8626679778 -0.232456997 -0.4485920072 -0.8627279997 -0.2332530022 2432098.75
-0.5234900117 -0.8439109921 -0.1173499972 -0.5231480002 -0.844020009 -0.1178930029 2532816.75
-0.5921599865 -0.7023079991 -0.3951070011 -0.5914490223 -0.7031769753 -0.3945739865 2414865
-0.4815309942 -0.7926480174 -0.3739469945 -0.4825589955 -0.7921990156 -0.3734860122 2313809.75
-0.3662889898 -0.8649290204 -0.343118012 -0.3656120002 -0.8648639917 -0.3439129889 2295304.75
-0.5657960176 0.7834510207 -0.2570590079 -0.5653859973 0.7833189964 -0.2582480013 1172071
-0.6708199978 0.6881899834 -0.2763960063 -0.6745809913 0.6854150295 -0.2740559876 1221597.75
-0.6371470094 0.7579349875 -0.1399209946 -0.6407669783 0.7553330064 -0.1372720003 1229398.375
-0.5234900117 0.8439109921 -0.1173499972 -0.5231480002 0.844020009 -0.1178930029 1184220.375
-0.4491850138 0.8626679778 -0.232456997 -0.4485920072 0.8627279997 -0.2332530022 1150748.125
-0.5877860188 0.8090170026 0 -0.5877559781 0.809014976 0 1185167.5
-0.4815309942 0.7926480174 -0.3739469945 -0.4825589955 0.7921990156 -0.3734860122 1129492.875
-0.5921599865 0.7023079991 -0.3951070011 -0.5914490223 0.7031769753 -0.3945739865 1166267.875
-0.6879749894 0.6014990211 -0.4060660005 -0.6917020082 0.5985590219 -0.404035002 1231162.25
-0.3662889898 0.8649290204 -0.343118012 -0.3656120002 0.8648639917 -0.3439129889 1120840.625
-0.7766299844 0.5642520189 -0.2801179886 -0.7770010233 0.5645009875 -0.278512001 1321817.375
-0.7846570015 0.4684270024 -0.4060660005 -0.7830129862 0.4728839993 -0.4040040076 1361490.625
-0.8618040085 0.4253219962 -0.2763960063 -0.8603469729 0.4297310114 -0.2740559876 1491306
-0.8466590047 0.5133730173 -0.1400589943 -0.8458200097 0.5145120025 -0.140873 1460827.375
-0.7498819828 0.6465759873 -0.1400589943 -0.7506939769 0.6454049945 -0.140873 1319261.625
-0.8090180159 0.587782979 0 -0.8089849949 0.5877559781 -0.005187999923 1365479.125
-0.7071080208 0.7071059942 0 -0.706839025 0.7073270082 -0.00515800016 1256974.875
-0.8910080194 0.4539870024 0 -0.8911399841 0.4536580145 -0.00515800016 1548849.375
-0.9177299738 0.3717440069 -0.1399209946 -0.9163789749 0.3759880066 -0.1372720003 1686900.5
-0.9510579705 0.3090130091 0 -0.9510480165 0.3089999855 0 1823964.375
-0.7862619758 0.5712479949 0.2355140001 -0.7864930034 0.5713980198 0.2343209982 1246832.25
-0.8704649806 0.4338830113 0.2324559987 -0.8700219989 0.4342480004 0.2332530022 1425358
-0.8047310114 0.4844360054 0.343118012 -0.8041629791 0.4847869873 0.3439129889 1274506.875
-0.7094069719 0.6156389713 0.343118012 -0.7095549703 0.6149780154 0.3439129889 1140415
-0.6816409826 0.6937789917 0.232456997 -0.6818749905 0.6932579875 0.2332530022 1142257.5
-0.7235999703 0.5257200003 0.4472149909 -0.7235940099 0.5257120132 0.4472180009 1168346
-0.753041029 0.6474099755 0.1174309999 -0.753624022 0.6465650201 0.1181679964 1256444.125
-0.8484290242 0.51611799 0.1174309999 -0.8478040099 0.5169230103 0.1181679964 1402447.875
-0.9195539951 0.3750340044 0.1173499972 -0.9193400145 0.3753170073 0.1178930029 1629808.75
-0.6408410072 0.7586510181 0.1173499972 -0.6410409808 0.7583540082 0.1178930029 1170921.375
-0.9199479818 0.2960020006 -0.2570579946 -0.919705987 0.2956629992 -0.2582480013 1737634.125
-0.9592530131 0.1606200039 -0.2324550003 -0.9591360092 0.1600389928 -0.2332530022 2097556.5
-0.9643759727 0.2370830029 -0.1173499972 -0.964384973 0.2367019951 -0.1178930029 1991741
-0.850924015 0.3461509943 -0.3951059878 -0.8515269756 0.3451949954 -0.3945739865 1525476.5
-0.9026560187 0.2130209953 -0.3739449978 -0.9025539756 0.2141479999 -0.3734860122 1797793.375
-0.9357870221 0.08108499646 -0.3431159854 -0.9355139732 0.08047699928 -0.3439129889 2162016
0.5702679753 0.7802019715 -0.2570590079 0.5702689886 0.7797780037 -0.2582480013 926372.3125
0.4472160041 0.8506479859 -0.2763969898 0.443434 0.853358984 -0.2740559876 950575.8125
0.5239520073 0.8401769996 -0.1399209946 0.5203409791 0.8428300023 -0.1372720003 930377.1875
0.6408410072 0.7586510181 -0.1173499972 0.6410409808 0.7583540082 -0.1178930029 905314
0.6816409826 0.6937789917 -0.232456997 0.6818749905 0.6932579875 -0.2332530022 915658.9375
0.5877860188 0.8090170026 0 0.5877559781 0.809014976 0 877547.9375
0.6050530076 0.702903986 -0.3739469945 0.6042969823 0.703756988 -0.3734860122 939827.4375
0.484950006 0.7802010179 -0.3951080143 0.486007005 0.7797780037 -0.3945739865 954447.25
0.359468013 0.8401740193 -0.4060670137 0.3555099964 0.8427990079 -0.404035002 981050.3125
0.7094069719 0.6156389713 -0.343118012 0.7095549703 0.6149780154 -0.3439129889 924918.4375
0.2966479957 0.9129809737 -0.2801179886 0.2967619896 0.9133880138 -0.278512001 996827.5
0.2030330002 0.8910030127 -0.4060670137 0.2077700049 0.890805006 -0.404035002 1039624
0.1381990016 0.9510549903 -0.2763969898 0.1428270042 0.9510179758 -0.2740559876 1076837.375
0.2266190052 0.9638609886 -0.1400589943 0.2279430032 0.9634079933 -0.140873 1045498.875
0.3832069933 0.912981987 -0.1400589943 0.3818480074 0.9134190083 -0.140873 969279.625
0.3090170026 0.9510560036 0 0.3089999855 0.9510179758 -0.005187999923 966747.0625
0.4539909959 0.8910059929 0 0.4542990029 0.890805006 -0.00515800016 909067.625
0.1564349979 0.987688005 0 0.1560720056 0.9877009988 -0.00515800016 1054919.875
0.06996099651 0.987688005 -0.1399209946 0.07440400124 0.9877009988 -0.1372720003 1131699.875
0 1 0 0 1 0 1131177.75
0.3003230095 0.9243050218 0.2355149984 0.3003939986 0.9245579839 0.2343209982 893394.5
0.1436610073 0.9619380236 0.2324559987 0.1441390067 0.9616379738 0.2332530022 970938.5625
0.2120520025 0.9150429964 0.343118012 0.2125310004 0.914609015 0.3439129889 901867.125
0.3662889898 0.8649290204 0.343118012 0.3656120002 0.8648639917 0.3439129889 840795.3125
0.4491850138 0.8626679778 0.232456997 0.4485920072 0.8627279997 0.2332530022 843420.4375
0.2763850093 0.8506399989 0.4472149909 0.276376009 0.8506420255 0.4472180009 853803.5625
0.3830229938 0.9162439704 0.1174309999 0.3820309937 0.91653198 0.1181679964 901565.9375
0.2286809981 0.9663929939 0.1174309999 0.2296209931 0.9660630226 0.1181679964 975273.6875
0.07252400368 0.9904389977 0.1173499972 0.07284799963 0.9903259873 0.1178930029 1057683.5
0.5234900117 0.8439109921 0.1173499972 0.5231480002 0.844020009 0.1178930029 860323.6875
-0.002760000061 0.9663919806 -0.2570590079 -0.002990999958 0.9660630226 -0.2582480013 1137670.625
-0.1436610073 0.9619380236 -0.2324559987 -0.1441390067 0.9616379738 -0.2332530022 1166131.875
-0.07252400368 0.9904389977 -0.1173499972 -0.07284799963 0.9903259873 -0.1178930029 1180332.75
0.06626500189 0.9162420034 -0.3951080143 0.0651570037 0.91653198 -0.3945739865 1096250.625
-0.07633499801 0.9243029952 -0.3739480078 -0.07519800216 0.9245579839 -0.3734860122 1136496.75
-0.2120520025 0.9150429964 -0.343118012 -0.2125310004 0.914609015 -0.3439129889 1131825.875
0.5921599865 -0.7023079991 0.3951070011 0.5914490223 -0.7031769753 0.3945739865 1174805.625
0.6708199978 -0.6881899834 0.2763960063 0.6745809913 -0.6854150295 0.2740559876 1206754.5
0.6879749894 -0.6014990211 0.4060660005 0.6917020082 -0.5985590219 0.404035002 1104979.875
0.600522995 -0.6068220139 0.5207099915 0.6000549793 -0.607288003 0.5206459761 1086567.125
0.501372993 -0.7020429969 0.5057269931 0.5005949736 -0.7026579976 0.5055699944 1158056.375
0.6881890297 -0.49999699 0.5257359743 0.6881620288 -0.4999850094 0.5257120132 1040164.812
0.4815309942 -0.7926480174 0.3739469945 0.4825589955 -0.7921990156 0.3734860122 1272084.875
0.5657960176 -0.7834510207 0.2570590079 0.5653859973 -0.7833189964 0.2582480013 1302624.25
0.6371470094 -0.7579349875 0.1399209946 0.6407669783 -0.7553330064 0.1372720003 1344346.125
0.3926349878 -0.7838400006 0.4810729921 0.3917660117 -0.7843869925 0.4808189869 1256089
0.7498819828 -0.6465759873 0.1400589943 0.7506939769 -0.6454049945 0.140873 1255650.375
0.7071080208 -0.7071059942 0 0.706839025 -0.7073270082 0.00515800016 1370740.625
0.8090180159 -0.587782979 0 0.8089849949 -0.5877559781 0.005187999923 1297106.875
0.8466590047 -0.5133730173 0.1400589943 0.8458200097 -0.5145120025 0.140873 1192379.25
0.7766299844 -0.5642520189 0.2801179886 0.7770010233 -0.5645009875 0.278512001 1134552.875
0.8618040085 -0.4253219962 0.2763960063 0.8603469729 -0.4297310114 0.2740559876 1089842.25
0.7846570015 -0.4684270024 0.4060660005 0.7830129862 -0.4728839993 0.4040040076 1055278.75
0.9177299738 -0.3717440069 0.1399209946 0.9163789749 -0.3759880066 0.1372720003 1154049.125
0.8910080194 -0.4539870024 0 0.8911399841 -0.4536580145 0.00515800016 1247733.125
0.9026560187 -0.2130209953 0.3739449978 0.9025539756 -0.2141479999 0.3734860122 1039111.312
0.8668090105 -0.1312000006 0.4810700119 0.8670610189 -0.1302219927 0.4808189869 1015806.875
0.8226180077 -0.2598899901 0.5057240129 0.8229619861 -0.258980006 0.5055699944 1007298.125
0.850924015 -0.3461509943 0.3951059878 0.8515269756 -0.3451949954 0.3945739865 1036462.625
0.9199479818 -0.2960020006 0.2570579946 0.919705987 -0.2956629992 0.2582480013 1081832
0.7626960278 -0.3836109936 0.5207089782 0.7629929781 -0.38300699 0.5206459761 1015199.5
0.8484290242 -0.51611799 -0.1174309999 0.8478040099 -0.5169230103 -0.1181679964 1299426.75
0.753041029 -0.6474099755 -0.1174309999 0.753624022 -0.6465650201 -0.1181679964 1358577.25
0.7862619758 -0.5712479949 -0.2355140001 0.7864930034 -0.5713980198 -0.2343209982 1294218.125
-0.484950006 -0.7802010179 0.3951080143 -0.486007005 -0.7797780037 0.3945739865 1774612.625
-0.4472160041 -0.8506479859 0.2763969898 -0.443434 -0.853358984 0.2740559876 1934907.625
-0.359468013 -0.8401740193 0.4060670137 -0.3555099964 -0.8427990079 0.404035002 1747679.125
-0.3915550113 -0.7586470246 0.5207110047 -0.392132014 -0.7583540082 0.5206459761 1616945.25
-0.5127530098 -0.6937749982 0.5057269931 -0.5135650039 -0.6932579875 0.5055699944 1651765.875
-0.2628690004 -0.8090119958 0.5257380009 -0.2628560066 -0.8089849949 0.5257120132 1623380.75
-0.6050530076 -0.702903986 0.3739469945 -0.6042969823 -0.703756988 0.3734860122 1832576.25
-0.5702679753 -0.7802019715 0.2570590079 -0.5702689886 -0.7797780037 0.2582480013 1993925.625
-0.5239520073 -0.8401769996 0.1399209946 -0.5203409791 -0.8428300023 0.1372720003 2209113.5
-0.6241469979 -0.6156370044 0.4810729921 -0.6249279976 -0.6149780154 0.4808189869 1728613.125
-0.3832069933 -0.912981987 0.1400589943 -0.3818480074 -0.9134190083 0.140873 2187041.25
-0.4539909959 -0.8910059929 0 -0.4542990029 -0.890805006 0.00515800016 2411246.75
-0.3090170026 -0.9510560036 0 -0.3089999855 -0.9510179758 0.005187999923 2409939
-0.2266190052 -0.9638609886 0.1400589943 -0.2279430032 -0.9634079933 0.140873 2214701.25
-0.2966479957 -0.9129809737 0.2801179886 -0.2967619896 -0.9133880138 0.278512001 1938735.625
-0.1381990016 -0.9510549903 0.2763969898 -0.1428270042 -0.9510179758 0.2740559876 1963966.875
-0.2030330002 -0.8910030127 0.4060670137 -0.2077700049 -0.890805006 0.404035002 1775534.5
-0.06996099651 -0.987688005 0.1399209946 -0.07440400124 -0.9877009988 0.1372720003 2177174.5
-0.1564349979 -0.987688005 0 -0.1560720056 -0.9877009988 0.00515800016 2428095.5
0.07633499801 -0.9243029952 0.3739480078 0.07519800216 -0.9245579839 0.3734860122 1684281.875
0.1430740058 -0.8649269938 0.4810729921 0.1440780014 -0.8648639917 0.4808189869 1496302.625
0.007025999948 -0.8626649976 0.5057280064 0.00799600035 -0.8627279997 0.5055699944 1590662.25
-0.06626500189 -0.9162420034 0.3951080143 -0.0651570037 -0.91653198 0.3945739865 1770679.75
0.002760000061 -0.9663919806 0.2570590079 0.002990999958 -0.9660630226 0.2582480013 1913325.75
-0.1291570067 -0.8439069986 0.5207110047 -0.1284829974 -0.844020009 0.5206459761 1639902.5
-0.2286809981 -0.9663929939 -0.1174309999 -0.2296209931 -0.9660630226 -0.1181679964 2500646.25
-0.3830229938 -0.9162439704 -0.1174309999 -0.3820309937 -0.91653198 -0.1181679964 2476886.5
-0.3003230095 -0.9243050218 -0.2355149984 -0.3003939986 -0.9245579839 -0.2343209982 2404867.25
-0.8918750286 0.2201139927 0.3951070011 -0.8918120265 0.2212290019 0.3945739865 1677636.75
-0.9472129941 0.1624580026 0.2763960063 -0.9486370087 0.1579940021 0.2740559876 1929862.25
-0.9101359844 0.08224099874 0.4060649872 -0.911435008 0.07763899863 0.4040040076 1947656.125
-0.8425149918 0.1379500031 0.5207099915 -0.8424329758 0.1385850012 0.5206459761 1717531
-0.8182719946 0.2732619941 0.5057259798 -0.8180180192 0.2742089927 0.5055699944 1482380.375
-0.8506479859 0 0.5257359743 -0.8506420255 0 0.5257120132 1937990.25
-0.8554760218 0.3582240045 0.3739469945 -0.8560749888 0.357250005 0.3734860122 1433120.75
-0.918241024 0.3012549877 0.2570579946 -0.9178439975 0.3013699949 0.2582480013 1634028.875
-0.9609670043 0.2386739999 0.1399209946 -0.9623709917 0.234442994 0.1372720003 1889974.5
-0.7783820033 0.4033490121 0.4810729921 -0.7780079842 0.4043090045 0.4808189869 1290613.5
-0.9867150187 0.08232200146 0.1400589943 -0.9866939783 0.08087400347 0.140873 2320388.25
-0.9876890182 0.1564320028 0 -0.9876099825 0.1567739993 0.00515800016 2220603.25
-1 0 0 -0.9999690056 0 0.005187999923 2653642
-0.9867150187 -0.08232200146 0.1400589943 -0.9866939783 -0.08087400347 0.140873 2634600
-0.9599660039 0 0.2801170051 -0.9604179859 0 0.278512001 2278358
-0.9472129941 -0.1624580026 0.2763960063 -0.9486370087 -0.1579940021 0.2740559876 2405255.5
-0.9101359844 -0.08224099874 0.4060649872 -0.911435008 -0.07763899863 0.4040040076 2176849
-0.9609670043 -0.2386739999 0.1399209946 -0.9623709917 -0.234442994 0.1372720003 2623683.25
-0.9876890182 -0.1564320028 0 -0.9876099825 -0.1567739993 0.00515800016 2801192.75
-0.8554760218 -0.3582240045 0.3739469945 -0.8560749888 -0.357250005 0.3734860122 2215169
-0.7783820033 -0.4033490121 0.4810729921 -0.7780079842 -0.4043090045 0.4808189869 2019590
-0.8182719946 -0.2732619941 0.5057259798 -0.8180180192 -0.2742089927 0.5055699944 2040992.125
-0.8918750286 -0.2201139927 0.3951070011 -0.8918120265 -0.2212290019 0.3945739865 2193448
-0.918241024 -0.3012549877 0.2570579946 -0.9178439975 -0.3013699949 0.2582480013 2404821
-0.8425149918 -0.1379500031 0.5207099915 -0.8424329758 -0.1385850012 0.5206459761 2015906.25
-0.9897609949 -0.08114100248 -0.1174300015 -0.9897459745 -0.08011099696 -0.1181679964 2765678.5
-0.9897609949 0.08114100248 -0.1174300015 -0.9897459745 0.08011099696 -0.1181679964 2439320.25
-0.9718710184 0 -0.2355130017 -0.9721369743 0 -0.2342910022 2503930.5
-0.06626500189 0.9162420034 0.3951080143 -0.0651570037 0.91653198 0.3945739865 998971.5
-0.1381990016 0.9510549903 0.2763969898 -0.1428270042 0.9510179758 0.2740559876 1044234.938
-0.2030330002 0.8910030127 0.4060670137 -0.2077700049 0.890805006 0.404035002 999489.4375
-0.1291570067 0.8439069986 0.5207110047 -0.1284829974 0.844020009 0.5206459761 983586.125
0.007025999948 0.8626649976 0.5057280064 0.00799600035 0.8627279997 0.5055699944 954256.875
-0.2628690004 0.8090119958 0.5257380009 -0.2628560066 0.8089849949 0.5257120132 974038.6875
0.07633499801 0.9243029952 0.3739480078 0.07519800216 0.9245579839 0.3734860122 954267.9375
0.002760000061 0.9663919806 0.2570590079 0.002990999958 0.9660630226 0.2582480013 1021613.562
-0.06996099651 0.987688005 0.1399209946 -0.07440400124 0.9877009988 0.1372720003 1101035.5
0.1430740058 0.8649269938 0.4810729921 0.1440780014 0.8648639917 0.4808189869 904408.25
-0.2266190052 0.9638609886 0.1400589943 -0.2279430032 0.9634079933 0.140873 1099392.125
-0.1564349979 0.987688005 0 -0.1560720056 0.9877009988 0.00515800016 1160827
-0.3090170026 0.9510560036 0 -0.3089999855 0.9510179758 0.005187999923 1142942.75
-0.3832069933 0.912981987 0.1400589943 -0.3818480074 0.9134190083 0.140873 1090477.375
-0.2966479957 0.9129809737 0.2801179886 -0.2967619896 0.9133880138 0.278512001 1029806.375
-0.4472160041 0.8506479859 0.2763969898 -0.443434 0.853358984 0.2740559876 1038039.5
-0.359468013 0.8401740193 0.4060670137 -0.3555099964 0.8427990079 0.404035002 992417.4375
-0.5239520073 0.8401769996 0.1399209946 -0.5203409791 0.8428300023 0.1372720003 1113624.625
-0.4539909959 0.8910059929 0 -0.4542990029 0.890805006 0.00515800016 1150061.625
-0.6050530076 0.702903986 0.3739469945 -0.6042969823 0.703756988 0.3734860122 1062450.375
-0.6241469979 0.6156370044 0.4810729921 -0.6249279976 0.6149780154 0.4808189869 1071798.875
-0.5127530098 0.6937749982 0.5057269931 -0.5135650039 0.6932579875 0.5055699944 1010081.812
-0.484950006 0.7802010179 0.3951080143 -0.486007005 0.7797780037 0.3945739865 1012804.188
-0.5702679753 0.7802019715 0.2570590079 -0.5702689886 0.7797780037 0.2582480013 1076152.625
-0.3915550113 0.7586470246 0.5207110047 -0.392132014 0.7583540082 0.5206459761 977427.5
-0.3830229938 0.9162439704 -0.1174309999 -0.3820309937 0.91653198 -0.1181679964 1163327.5
-0.2286809981 0.9663929939 -0.1174309999 -0.2296209931 0.9660630226 -0.1181679964 1173784.5
-0.3003230095 0.9243050218 -0.2355149984 -0.3003939986 0.9245579839 -0.2343209982 1145329.875
0.850924015 0.3461509943 0.3951059878 0.8515269756 0.3451949954 0.3945739865 860454.5
0.8618040085 0.4253219962 0.2763960063 0.8603469729 0.4297310114 0.2740559876 853136.75
0.7846570015 0.4684270024 0.4060660005 0.7830129862 0.4728839993 0.4040040076 816242.125
0.7626960278 0.3836109936 0.5207089782 0.7629929781 0.38300699 0.5206459761 831870.9375
0.8226180077 0.2598899901 0.5057240129 0.8229619861 0.258980006 0.5055699944 884922.625
0.6881890297 0.49999699 0.5257359743 0.6881620288 0.4999850094 0.5257120132 801012.25
0.9026560187 0.2130209953 0.3739449978 0.9025539756 0.2141479999 0.3734860122 933075.125
0.9199479818 0.2960020006 0.2570579946 0.919705987 0.2956629992 0.2582480013 916166.4375
0.9177299738 0.3717440069 0.1399209946 0.9163789749 0.3759880066 0.1372720003 917506.1875
0.8668090105 0.1312000006 0.4810700119 0.8670610189 0.1302219927 0.4808189869 963906.125
0.8466590047 0.5133730173 0.1400589943 0.8458200097 0.5145120025 0.140873 861700.125
0.8910080194 0.4539870024 0 0.8911399841 0.4536580145 0.00515800016 919224.5625
0.8090180159 0.587782979 0 0.8089849949 0.5877559781 0.005187999923 878705.6875
0.7498819828 0.6465759873 0.1400589943 0.7506939769 0.6454049945 0.140873 836314.9375
0.7766299844 0.5642520189 0.2801179886 0.7770010233 0.5645009875 0.278512001 813896.5
0.6708199978 0.6881899834 0.2763960063 0.6745809913 0.6854150295 0.2740559876 802287.5
0.6879749894 0.6014990211 0.4060660005 0.6917020082 0.5985590219 0.404035002 790937.8125
0.6371470094 0.7579349875 0.1399209946 0.6407669783 0.7553330064 0.1372720003 836136.6875
0.7071080208 0.7071059942 0 0.706839025 0.7073270082 0.00515800016 866390.375
0.4815309942 0.7926480174 0.3739469945 0.4825589955 0.7921990156 0.3734860122 806551.3125
0.3926349878 0.7838400006 0.4810729921 0.3917660117 0.7843869925 0.4808189869 813415.0625
0.501372993 0.7020429969 0.5057269931 0.5005949736 0.7026579976 0.5055699944 792846.5
0.5921599865 0.7023079991 0.3951070011 0.5914490223 0.7031769753 0.3945739865 790099.1875
0.5657960176 0.7834510207 0.2570590079 0.5653859973 0.7833189964 0.2582480013 813761.5
0.600522995 0.6068220139 0.5207099915 0.6000549793 0.607288003 0.5206459761 787884.3125
0.753041029 0.6474099755 -0.1174309999 0.753624022 0.6465650201 -0.1181679964 899341.125
0.8484290242 0.51611799 -0.1174309999 0.8478040099 0.5169230103 -0.1181679964 919910.0625
0.7862619758 0.5712479949 -0.2355140001 0.7864930034 0.5713980198 -0.2343209982 913205.625
0.3411499858 -0.6202350259 0.7063459754 0.3417769969 -0.6208379865 0.7054659724 1141811.25
0.4472109973 -0.525726974 0.7236120105 0.4486219883 -0.521287024 0.7259129882 1069910.375
0.3086329997 -0.5192540288 0.7969449759 0.3097319901 -0.5148169994 0.7993710041 1117423.625
0.1971649975 -0.6068199873 0.7699970007 0.1973019987 -0.607288003 0.7695549726 1210765.875
0.2281029969 -0.7020419836 0.6746150255 0.2283090055 -0.7026579976 0.6738790274 1249438.75
0.1624560058 -0.4999949932 0.850654006 0.1624500006 -0.4999850094 0.8506420255 1200068.25
0.3695360124 -0.7112780213 0.5979350209 0.3699760139 -0.7104099989 0.5986509919 1188133.75
0.4791980088 -0.6202359796 0.6210280061 0.4781030118 -0.6208689809 0.6212040186 1100876.5
0.5747759938 -0.5192549825 0.6324610114 0.5764639974 -0.5148169994 0.6345099807 1045102.938
0.2546809912 -0.7838400006 0.5663329959 0.2548600137 -0.7843869925 0.5654469728 1308860.125
0.5500090122 -0.3996039927 0.7333530188 0.5490279794 -0.3988769948 0.7344580293 1020058.438
0.6714580059 -0.3861849904 0.6324589849 0.6677449942 -0.3891409934 0.6345099807 1007168.125
0.6381949782 -0.2628639936 0.7236089706 0.6343880296 -0.2655720115 0.7259129882 996788.5
0.5067290068 -0.2664020061 0.8199120164 0.5064849854 -0.2679829895 0.8195139766 1026906.188
0.4099510014 -0.3996039927 0.8199130297 0.4113889933 -0.3988769948 0.8195139766 1060647.375
0.3617999852 -0.2628630102 0.894429028 0.3655509949 -0.2655720115 0.8920869827 1065226.75
0.2653949857 -0.3861840069 0.8834180236 0.2688989937 -0.3891409934 0.8810390234 1118271.625
0.4492970109 -0.133070007 0.8834170103 0.4532000124 -0.1354719996 0.8810390234 1044512.375
0.5892159939 -0.133070007 0.7969419956 0.5853449702 -0.1354719996 0.7993710041 1007341.062
0.5257300138 0 0.8506519794 0.5257120132 0 0.8506420255 1028327
0.1812060028 -0.1316539943 0.9745929837 0.1821649969 -0.1323280036 0.9743030071 1151044.25
0.2732659876 0 0.9619389772 0.2722859979 0 0.9621880054 1112782.25
0.1379519999 0 0.9904389977 0.136905998 0 0.9905700088 1176747.25
0.04262800142 -0.1311990023 0.9904389977 0.04229899868 -0.1302219927 0.9905700088 1218620.25
0.08444199711 -0.2598890066 0.9619389772 0.08414000273 -0.258949995 0.9621880054 1193195
0 0 1 0 0 1 1228732.875
0.2254289985 -0.264079988 0.9377859831 0.2254710048 -0.2628560066 0.938108027 1125086.875
0.320818007 -0.1327909976 0.9377859831 0.3196510077 -0.1331830025 0.938108027 1087033.875
0.4033539891 0 0.9150440097 0.4027220011 0 0.9153109789 1061045
0.1246400028 -0.3836100101 0.915045023 0.1244240031 -0.38300699 0.9153109789 1188978.625
0.6953039765 -0.132791996 0.7063419819 0.6960970163 -0.1331830025 0.7054659724 996667.1875
0.7381740212 0 0.6746100187 0.7388229966 0 0.6738489866 995678
0.6380519867 0 0.7699930072 0.6385390162 0 0.7695549726 1002853.5
0.7379620075 -0.2640810013 0.6210259795 0.7382119894 -0.2628560066 0.6212040186 994916.5625
0.7906619906 -0.1316549927 0.5979310274 0.7899720073 -0.1323280036 0.5986509919 999366
0.824180007 0 0.5663279891 0.824763 0 0.5654469728 1001048.188
-0.4844590127 -0.5161150098 0.7063459754 -0.4848479927 -0.5169230103 0.7054659724 1465950.125
-0.3618029952 -0.5877789855 0.7236120105 -0.3571279943 -0.5877559781 0.7259129882 1416901.125
-0.3984690011 -0.4539850056 0.7969449759 -0.3939020038 -0.4536580145 0.7993710041 1381152.5
-0.5161939859 -0.3750320077 0.7699959874 -0.516587019 -0.3753170073 0.7695549726 1479827.25
-0.597194016 -0.4338819981 0.6746150255 -0.597736001 -0.4342480004 0.6738790274 1587262.375
-0.4253230095 -0.3090110123 0.850654006 -0.4253059924 -0.3089999855 0.8506420255 1397429
-0.5622739792 -0.5712460279 0.5979350209 -0.5612959862 -0.5713980198 0.5986509919 1581577.875
-0.441801995 -0.647405982 0.6210280061 -0.4427320063 -0.6465650201 0.6212040186 1512448.125
-0.3162289858 -0.7071009874 0.6324610114 -0.3114719987 -0.7073270082 0.6345099807 1499285.875
-0.6667760015 -0.4844349921 0.5663329959 -0.6672570109 -0.4847559929 0.5654469728 1729304
-0.2100879997 -0.6465719938 0.7333539724 -0.2096929997 -0.6454049945 0.7344580293 1422070.125
-0.1597969979 -0.7579299808 0.6324610114 -0.1637620032 -0.7553330064 0.6345099807 1529995.125
-0.05279000103 -0.6881849766 0.7236120105 -0.05655099824 -0.6854150295 0.7259129882 1418817.625
-0.09677899629 -0.5642480254 0.8199130297 -0.09836100042 -0.5645009875 0.8195139766 1357715.875
-0.2533659935 -0.5133690238 0.8199130297 -0.2522349954 -0.5145120025 0.8195139766 1360061.625
-0.1381970048 -0.4253189862 0.8944299817 -0.1396220028 -0.4297310114 0.8920869827 1312308.5
-0.2852720022 -0.3717420101 0.8834180236 -0.286996007 -0.3759880066 0.8810390234 1330555.875
0.01228000037 -0.4684239924 0.8834180236 0.01116999984 -0.4728839993 0.8810390234 1270153.75
0.05551600084 -0.6014959812 0.7969449759 0.05200399831 -0.5985590219 0.7993710041 1300855.5
-0.06921599805 -0.2130199969 0.9745929837 -0.06958200037 -0.2141479999 0.9743030071 1254983.125
-0.1116050035 -0.08108499646 0.9904389977 -0.1107520014 -0.08047699928 0.9905700088 1174415.625
-0.2210759968 -0.1606190056 0.9619389772 -0.2202830017 -0.1600389928 0.9621880054 1144739.625
-0.181494996 -0.2960000038 0.9377869964 -0.1803030074 -0.2956629992 0.938108027 1144203.5
-0.02715599909 -0.3461489975 0.9377869964 -0.02789399959 -0.3451949954 0.938108027 1106726.5
-0.3263190091 -0.2370820045 0.915045023 -0.3258160055 -0.2367019951 0.9153109789 1225375.625
0.08856300265 -0.7023050189 0.7063459754 0.08838199824 -0.7031769753 0.7054659724 1338178.75
-0.02311900072 -0.7834470272 0.6210290194 -0.02188199945 -0.7833189964 0.6212040186 1490566.5
0.1191110015 -0.7926449776 0.5979350209 0.1182290018 -0.7921990156 0.5986509919 1406062.375
-0.6405640244 0.3012540042 0.7063450217 -0.6414380074 0.3013699949 0.7054659724 1276369.75
-0.6708170176 0.1624570042 0.7236109972 -0.6693620086 0.1579940021 0.7259129882 1464578.375
-0.5549010038 0.2386720031 0.7969440222 -0.5531780124 0.234442994 0.7993710041 1278647.125
-0.5161939859 0.3750320077 0.7699959874 -0.516587019 0.3753170073 0.7695549726 1138528.875
-0.597194016 0.4338819981 0.6746150255 -0.597736001 0.4342480004 0.6738790274 1133226.75
-0.4253230095 0.3090110123 0.850654006 -0.4253059924 0.3089999855 0.8506420255 1161324.25
-0.7170429826 0.3582229912 0.5979340076 -0.7168800235 0.357250005 0.5986509919 1276619.625
-0.7522469759 0.2201129943 0.6210269928 -0.7517319918 0.2212290019 0.6212040186 1478685.25
-0.7702149749 0.08224099874 0.6324599981 -0.7689750195 0.07763899863 0.6345099807 1694148.125
-0.6667760015 0.4844349921 0.5663329959 -0.6672570109 0.4847559929 0.5654469728 1142261.625
-0.6798480153 0 0.7333530188 -0.6786100268 0 0.7344580293 1692078
-0.7702149749 -0.08224099874 0.6324599981 -0.7689750195 -0.07763899863 0.6345099807 1873487.5
-0.6708170176 -0.1624570042 0.7236109972 -0.6693620086 -0.1579940021 0.7259129882 1757948.125
-0.5665400028 -0.08232200146 0.8199120164 -0.5672780275 -0.08087400347 0.8195139766 1608476.25
-0.5665400028 0.08232200146 0.8199120164 -0.5672780275 0.08087400347 0.8195139766 1492175.25
-0.4472100139 0 0.894429028 -0.4518570006 0 0.8920869827 1423529
-0.441704005 0.1564320028 0.8834180236 -0.4462719858 0.1567739993 0.8810390234 1304267.125
-0.441704005 -0.1564320028 0.8834180236 -0.4462719858 -0.1567739993 0.8810390234 1446115.375
-0.5549010038 -0.2386720031 0.7969440222 -0.5531780124 -0.234442994 0.7993710041 1551194.75
-0.2239840031 0 0.9745929837 -0.225165993 0 0.9743030071 1294349.625
-0.1116050035 0.08108499646 0.9904389977 -0.1107520014 0.08047699928 0.9905700088 1241216.75
-0.2210759968 0.1606190056 0.9619389772 -0.2202830017 0.1600389928 0.9621880054 1200489.25
-0.3375990093 0.08113999665 0.9377859831 -0.3369239867 0.08011099696 0.938108027 1300403.25
-0.3375990093 -0.08113999665 0.9377859831 -0.3369239867 -0.08011099696 0.938108027 1353311.5
-0.3263190091 0.2370820045 0.915045023 -0.3258160055 0.2367019951 0.9153109789 1178975.875
-0.6405640244 -0.3012540042 0.7063450217 -0.6414380074 -0.3013699949 0.7054659724 1686380.75
-0.7522469759 -0.2201129943 0.6210269928 -0.7517319918 -0.2212290019 0.6212040186 1890046.75
-0.7170429826 -0.3582229912 0.5979340076 -0.7168800235 -0.357250005 0.5986509919 1851262.875
0.08856300265 0.7023050189 0.7063459754 0.08838199824 0.7031769753 0.7054659724 913794.9375
-0.05279000103 0.6881849766 0.7236120105 -0.05655099824 0.6854150295 0.7259129882 970472
0.05551600084 0.6014959812 0.7969449759 0.05200399831 0.5985590219 0.7993710041 941819.3125
0.1971649975 0.6068199873 0.7699970007 0.1973019987 0.607288003 0.7695549726 884082.875
0.2281029969 0.7020419836 0.6746150255 0.2283090055 0.7026579976 0.6738790274 861017.125
0.1624560058 0.4999949932 0.850654006 0.1624500006 0.4999850094 0.8506420255 927544.125
0.1191110015 0.7926449776 0.5979350209 0.1182290018 0.7921990156 0.5986509919 901003.5
-0.02311900072 0.7834470272 0.6210290194 -0.02188199945 0.7833189964 0.6212040186 955238.1875
-0.1597969979 0.7579299808 0.6324610114 -0.1637620032 0.7553330064 0.6345099807 976579.0625
0.2546809912 0.7838400006 0.5663329959 0.2548600137 0.7843869925 0.5654469728 850525.6875
-0.2100879997 0.6465719938 0.7333539724 -0.2096929997 0.6454049945 0.7344580293 980327.5
-0.3162289858 0.7071009874 0.6324610114 -0.3114719987 0.7073270082 0.6345099807 969117
-0.3618029952 0.5877789855 0.7236120105 -0.3571279943 0.5877559781 0.7259129882 992697.4375
-0.2533659935 0.5133690238 0.8199130297 -0.2522349954 0.5145120025 0.8195139766 1020027.438
-0.09677899629 0.5642480254 0.8199130297 -0.09836100042 0.5645009875 0.8195139766 1008274.062
-0.1381970048 0.4253189862 0.8944299817 -0.1396220028 0.4297310114 0.8920869827 1052913.625
0.01228000037 0.4684239924 0.8834180236 0.01116999984 0.4728839993 0.8810390234 995997.3125
-0.2852720022 0.3717420101 0.8834180236 -0.286996007 0.3759880066 0.8810390234 1082840.625
-0.3984690011 0.4539839923 0.7969449759 -0.3939020038 0.4536580145 0.7993710041 1048374.312
-0.06921599805 0.2130199969 0.9745929837 -0.06958200037 0.2141479999 0.9743030071 1144614.625
0.04262800142 0.1311990023 0.9904389977 0.04229899868 0.1302219927 0.9905700088 1155013.75
0.08444199711 0.2598890066 0.9619389772 0.08414000273 0.258949995 0.9621880054 1055933.25
-0.02715599909 0.3461489975 0.9377869964 -0.02789399959 0.3451949954 0.938108027 1057382.75
-0.181494996 0.2960000038 0.9377869964 -0.1803030074 0.2956629992 0.938108027 1111898.625
0.1246400028 0.3836100101 0.915045023 0.1244240031 0.38300699 0.9153109789 982254.9375
-0.4844590127 0.5161150098 0.7063459754 -0.4848479927 0.5169230103 0.7054659724 1041236.125
-0.441801995 0.647405982 0.6210280061 -0.4427320063 0.6465650201 0.6212040186 993771.875
-0.5622739792 0.5712460279 0.5979350209 -0.5612959862 0.5713980198 0.5986509919 1050944.875
0.6953039765 0.132791996 0.7063419819 0.6960970163 0.1331830025 0.7054659724 948597.9375
0.6381949782 0.2628639936 0.7236089706 0.6343880296 0.2655720115 0.7259129882 880734.6875
0.5892159939 0.133070007 0.7969419956 0.5853449702 0.1354719996 0.7993710041 958956.9375
0.7906619906 0.1316549927 0.5979310274 0.7899720073 0.1323280036 0.5986509919 949996.0625
0.7379620075 0.2640810013 0.6210259795 0.7382119894 0.2628560066 0.6212040186 876467.5625
0.6714580059 0.3861849904 0.6324589849 0.6677449942 0.3891409934 0.6345099807 830192.0625
0.5500090122 0.3996039927 0.7333530188 0.5490279794 0.3988769948 0.7344580293 838125.375
0.5747759938 0.5192549825 0.6324610114 0.5764639974 0.5148169994 0.6345099807 803647.6875
0.4472109973 0.525726974 0.7236120105 0.4486219883 0.521287024 0.7259129882 822550.375
0.4099510014 0.3996039927 0.8199130297 0.4113889933 0.3988769948 0.8195139766 873572.25
0.5067290068 0.2664020061 0.8199120164 0.5064849854 0.2679829895 0.8195139766 908769.4375
0.3617999852 0.2628630102 0.894429028 0.3655509949 0.2655720115 0.8920869827 945724.3125
0.4492970109 0.133070007 0.8834170103 0.4532000124 0.1354719996 0.8810390234 1000495.375
0.2653949857 0.3861840069 0.8834180236 0.2688989937 0.3891409934 0.8810390234 923503.625
0.3086329997 0.5192540288 0.7969449759 0.3097319901 0.5148169994 0.7993710041 860309.625
0.1812060028 0.1316539943 0.9745929837 0.1821649969 0.1323280036 0.9743030071 1096213
0.320818007 0.1327909976 0.9377859831 0.3196510077 0.1331830025 0.938108027 1040410
0.2254289985 0.264079988 0.9377859831 0.2254710048 0.2628560066 0.938108027 995810
0.3411499858 0.6202350259 0.7063459754 0.3417769969 0.6208379865 0.7054659724 831121.125
0.4791980088 0.6202359796 0.6210280061 0.4781030118 0.6208689809 0.6212040186 800260.0625
0.3695360124 0.7112780213 0.5979350209 0.3699760139 0.7104099989 0.5986509919 815876.0625
3 0 1 2
3 2 3 0
3 4 0 3
3 3 2 5
3 0 4 6
3 6 7 0
3 1 0 7
3 7 6 8
3 9 10 11
3 11 7 9
3 8 9 7
3 7 11 1
3 12 8 6
3 6 13 12
3 14 12 13
3 13 6 4
3 15 1 11
3 11 16 15
3 17 15 16
3 16 11 10
3 15 17 18
3 18 19 15
3 1 15 19
3 19 18 20
3 21 5 2
3 2 19 21
3 20 21 19
3 19 2 1
3 22 20 18
3 18 23 22
3 24 22 23
3 23 18 17
3 25 26 27
3 27 28 25
3 29 25 28
3 28 27 30
3 25 29 31
3 31 32 25
3 26 25 32
3 32 31 20
3 22 24 33
3 33 32 22
3 20 22 32
3 32 33 26
3 21 20 31
3 31 34 21
3 5 21 34
3 34 31 29
3 35 36 37
3 37 23 35
3 17 35 23
3 23 37 24
3 35 17 38
3 38 39 35
3 36 35 39
3 39 38 40
3 41 42 43
3 43 39 41
3 40 41 39
3 39 43 36
3 44 40 38
3 38 16 44
3 10 44 16
3 16 38 17
3 45 46 47
3 47 48 45
3 49 45 48
3 48 47 50
3 45 49 51
3 51 52 45
3 46 45 52
3 52 51 26
3 33 24 53
3 53 52 33
3 26 33 52
3 52 53 46
3 27 26 51
3 51 54 27
3 30 27 54
3 54 51 49
3 55 46 53
3 53 56 55
3 57 55 56
3 56 53 24
3 55 57 58
3 58 59 55
3 46 55 59
3 59 58 60
3 61 50 47
3 47 59 61
3 60 61 59
3 59 47 46
3 62 60 58
3 58 63 62
3 64 62 63
3 63 58 57
3 65 66 67
3 67 68 65
3 69 65 68
3 68 67 70
3 65 69 71
3 71 72 65
3 66 65 72
3 72 71 60
3 62 64 73
3 73 72 62
3 60 62 72
3 72 73 66
3 61 60 71
3 71 74 61
3 50 61 74
3 74 71 69
3 75 76 77
3 77 63 75
3 57 75 63
3 63 77 64
3 75 57 78
3 78 79 75
3 76 75 79
3 79 78 36
3 43 42 80
3 80 79 43
3 36 43 79
3 79 80 76
3 37 36 78
3 78 56 37
3 24 37 56
3 56 78 57
3 81 82 83
3 83 84 81
3 85 81 84
3 84 83 86
3 81 85 87
3 87 88 81
3 82 81 88
3 88 87 89
3 90 91 92
3 92 88 90
3 89 90 88
3 88 92 82
3 93 89 87
3 87 94 93
3 95 93 94
3 94 87 85
3 96 82 92
3 92 97 96
3 98 96 97
3 97 92 91
3 96 98 99
3 99 100 96
3 82 96 100
3 100 99 101
3 102 86 83
3 83 100 102
3 101 102 100
3 100 83 82
3 103 101 99
3 99 104 103
3 10 103 104
3 104 99 98
3 105 8 12
3 12 106 105
3 107 105 106
3 106 12 14
3 105 107 108
3 108 109 105
3 8 105 109
3 109 108 101
3 103 10 9
3 9 109 103
3 101 103 109
3 109 9 8
3 102 101 108
3 108 110 102
3 86 102 110
3 110 108 107
3 111 40 44
3 44 104 111
3 98 111 104
3 104 44 10
3 111 98 112
3 112 113 111
3 40 111 113
3 113 112 114
3 115 42 41
3 41 113 115
3 114 115 113
3 113 41 40
3 116 114 112
3 112 97 116
3 91 116 97
3 97 112 98
3 117 118 119
3 119 120 117
3 121 117 120
3 120 119 122
3 117 121 123
3 123 124 117
3 118 117 124
3 124 123 125
3 126 127 128
3 128 124 126
3 125 126 124
3 124 128 118
3 129 125 123
3 123 130 129
3 131 129 130
3 130 123 121
3 132 118 128
3 128 133 132
3 134 132 133
3 133 128 127
3 132 134 135
3 135 136 132
3 118 132 136
3 136 135 137
3 138 122 119
3 119 136 138
3 137 138 136
3 136 119 118
3 139 137 135
3 135 140 139
3 91 139 140
3 140 135 134
3 141 89 93
3 93 142 141
3 143 141 142
3 142 93 95
3 141 143 144
3 144 145 141
3 89 141 145
3 145 144 137
3 139 91 90
3 90 145 139
3 137 139 145
3 145 90 89
3 138 137 144
3 144 146 138
3 122 138 146
3 146 144 143
3 147 114 116
3 116 140 147
3 134 147 140
3 140 116 91
3 147 134 148
3 148 149 147
3 114 147 149
3 149 148 150
3 151 42 115
3 115 149 151
3 150 151 149
3 149 115 114
3 152 150 148
3 148 133 152
3 127 152 133
3 133 148 134
3 153 154 155
3 155 156 153
3 157 153 156
3 156 155 158
3 153 157 159
3 159 160 153
3 154 153 160
3 160 159 66
3 73 64 161
3 161 160 73
3 66 73 160
3 160 161 154
3 67 66 159
3 159 162 67
3 70 67 162
3 162 159 157
3 163 154 161
3 161 164 163
3 165 163 164
3 164 161 64
3 163 165 166
3 166 167 163
3 154 163 167
3 167 166 168
3 169 158 155
3 155 167 169
3 168 169 167
3 167 155 154
3 170 168 166
3 166 171 170
3 127 170 171
3 171 166 165
3 172 125 129
3 129 173 172
3 174 172 173
3 173 129 131
3 172 174 175
3 175 176 172
3 125 172 176
3 176 175 168
3 170 127 126
3 126 176 170
3 168 170 176
3 176 126 125
3 169 168 175
3 175 177 169
3 158 169 177
3 177 175 174
3 178 150 152
3 152 171 178
3 165 178 171
3 171 152 127
3 178 165 179
3 179 180 178
3 150 178 180
3 180 179 76
3 80 42 151
3 151 180 80
3 76 80 180
3 180 151 150
3 77 76 179
3 179 164 77
3 64 77 164
3 164 179 165
3 181 182 183
3 183 184 181
3 185 181 184
3 184 183 186
3 181 185 187
3 187 188 181
3 182 181 188
3 188 187 49
3 48 50 189
3 189 188 48
3 49 48 188
3 188 189 182
3 54 49 187
3 187 190 54
3 30 54 190
3 190 187 185
3 191 182 189
3 189 192 191
3 193 191 192
3 192 189 50
3 191 193 194
3 194 195 191
3 182 191 195
3 195 194 196
3 197 186 183
3 183 195 197
3 196 197 195
3 195 183 182
3 198 196 194
3 194 199 198
3 200 198 199
3 199 194 193
3 201 202 203
3 203 204 201
3 205 201 204
3 204 203 206
3 201 205 207
3 207 208 201
3 202 201 208
3 208 207 196
3 198 200 209
3 209 208 198
3 196 198 208
3 208 209 202
3 197 196 207
3 207 210 197
3 186 197 210
3 210 207 205
3 211 212 213
3 213 199 211
3 193 211 199
3 199 213 200
3 211 193 214
3 214 215 211
3 212 211 215
3 215 214 69
3 68 70 216
3 216 215 68
3 69 68 215
3 215 216 212
3 74 69 214
3 214 192 74
3 50 74 192
3 192 214 193
3 217 218 219
3 219 220 217
3 221 217 220
3 220 219 222
3 217 221 223
3 223 224 217
3 218 217 224
3 224 223 4
3 3 5 225
3 225 224 3
3 4 3 224
3 224 225 218
3 13 4 223
3 223 226 13
3 14 13 226
3 226 223 221
3 227 218 225
3 225 228 227
3 229 227 228
3 228 225 5
3 227 229 230
3 230 231 227
3 218 227 231
3 231 230 232
3 233 222 219
3 219 231 233
3 232 233 231
3 231 219 218
3 234 232 230
3 230 235 234
3 236 234 235
3 235 230 229
3 237 238 239
3 239 240 237
3 241 237 240
3 240 239 242
3 237 241 243
3 243 244 237
3 238 237 244
3 244 243 232
3 234 236 245
3 245 244 234
3 232 234 244
3 244 245 238
3 233 232 243
3 243 246 233
3 222 233 246
3 246 243 241
3 247 248 249
3 249 235 247
3 229 247 235
3 235 249 236
3 247 229 250
3 250 251 247
3 248 247 251
3 251 250 29
3 28 30 252
3 252 251 28
3 29 28 251
3 251 252 248
3 34 29 250
3 250 228 34
3 5 34 228
3 228 250 229
3 253 254 255
3 255 256 253
3 257 253 256
3 256 255 258
3 253 257 259
3 259 260 253
3 254 253 260
3 260 259 85
3 84 86 261
3 261 260 84
3 85 84 260
3 260 261 254
3 94 85 259
3 259 262 94
3 95 94 262
3 262 259 257
3 263 254 261
3 261 264 263
3 265 263 264
3 264 261 86
3 263 265 266
3 266 267 263
3 254 263 267
3 267 266 268
3 269 258 255
3 255 267 269
3 268 269 267
3 267 255 254
3 270 268 266
3 266 271 270
3 272 270 271
3 271 266 265
3 273 274 275
3 275 276 273
3 277 273 276
3 276 275 278
3 273 277 279
3 279 280 273
3 274 273 280
3 280 279 268
3 270 272 281
3 281 280 270
3 268 270 280
3 280 281 274
3 269 268 279
3 279 282 269
3 258 269 282
3 282 279 277
3 283 284 285
3 285 271 283
3 265 283 271
3 271 285 272
3 283 265 286
3 286 287 283
3 284 283 287
3 287 286 107
3 106 14 288
3 288 287 106
3 107 106 287
3 287 288 284
3 110 107 286
3 286 264 110
3 86 110 264
3 264 286 265
3 289 290 291
3 291 292 289
3 293 289 292
3 292 291 294
3 289 293 295
3 295 296 289
3 290 289 296
3 296 295 121
3 120 122 297
3 297 296 120
3 121 120 296
3 296 297 290
3 130 121 295
3 295 298 130
3 131 130 298
3 298 295 293
3 299 290 297
3 297 300 299
3 301 299 300
3 300 297 122
3 299 301 302
3 302 303 299
3 290 299 303
3 303 302 304
3 305 294 291
3 291 303 305
3 304 305 303
3 303 291 290
3 306 304 302
3 302 307 306
3 308 306 307
3 307 302 301
3 309 310 311
3 311 312 309
3 313 309 312
3 312 311 314
3 309 313 315
3 315 316 309
3 310 309 316
3 316 315 304
3 306 308 317
3 317 316 306
3 304 306 316
3 316 317 310
3 305 304 315
3 315 318 305
3 294 305 318
3 318 315 313
3 319 320 321
3 321 307 319
3 301 319 307
3 307 321 308
3 319 301 322
3 322 323 319
3 320 319 323
3 323 322 143
3 142 95 324
3 324 323 142
3 143 142 323
3 323 324 320
3 146 143 322
3 322 300 146
3 122 146 300
3 300 322 301
3 325 326 327
3 327 328 325
3 329 325 328
3 328 327 330
3 325 329 331
3 331 332 325
3 326 325 332
3 332 331 157
3 156 158 333
3 333 332 156
3 157 156 332
3 332 333 326
3 162 157 331
3 331 334 162
3 70 162 334
3 334 331 329
3 335 326 333
3 333 336 335
3 337 335 336
3 336 333 158
3 335 337 338
3 338 339 335
3 326 335 339
3 339 338 340
3 341 330 327
3 327 339 341
3 340 341 339
3 339 327 326
3 342 340 338
3 338 343 342
3 344 342 343
3 343 338 337
3 345 346 347
3 347 348 345
3 349 345 348
3 348 347 350
3 345 349 351
3 351 352 345
3 346 345 352
3 352 351 340
3 342 344 353
3 353 352 342
3 340 342 352
3 352 353 346
3 341 340 351
3 351 354 341
3 330 341 354
3 354 351 349
3 355 356 357
3 357 343 355
3 337 355 343
3 343 357 344
3 355 337 358
3 358 359 355
3 356 355 359
3 359 358 174
3 173 131 360
3 360 359 173
3 174 173 359
3 359 360 356
3 177 174 358
3 358 336 177
3 158 177 336
3 336 358 337
3 361 362 363
3 363 364 361
3 365 361 364
3 364 363 366
3 361 365 367
3 367 368 361
3 362 361 368
3 368 367 238
3 245 236 369
3 369 368 245
3 238 245 368
3 368 369 362
3 239 238 367
3 367 370 239
3 242 239 370
3 370 367 365
3 371 362 369
3 369 372 371
3 373 371 372
3 372 369 236
3 371 373 374
3 374 375 371
3 362 371 375
3 375 374 376
3 377 366 363
3 363 375 377
3 376 377 375
3 375 363 362
3 378 376 374
3 374 379 378
3 186 378 379
3 379 374 373
3 380 205 204
3 204 381 380
3 382 380 381
3 381 204 206
3 380 382 383
3 383 384 380
3 205 380 384
3 384 383 376
3 378 186 210
3 210 384 378
3 376 378 384
3 384 210 205
3 377 376 383
3 383 385 377
3 366 377 385
3 385 383 382
3 386 185 184
3 184 379 386
3 373 386 379
3 379 184 186
3 386 373 387
3 387 388 386
3 185 386 388
3 388 387 248
3 252 30 190
3 190 388 252
3 248 252 388
3 388 190 185
3 249 248 387
3 387 372 249
3 236 249 372
3 372 387 373
3 389 390 391
3 391 392 389
3 393 389 392
3 392 391 394
3 389 393 395
3 395 396 389
3 390 389 396
3 396 395 274
3 281 272 397
3 397 396 281
3 274 281 396
3 396 397 390
3 275 274 395
3 395 398 275
3 278 275 398
3 398 395 393
3 399 390 397
3 397 400 399
3 401 399 400
3 400 397 272
3 399 401 402
3 402 403 399
3 390 399 403
3 403 402 404
3 405 394 391
3 391 403 405
3 404 405 403
3 403 391 390
3 406 404 402
3 402 407 406
3 222 406 407
3 407 402 401
3 408 241 240
3 240 409 408
3 410 408 409
3 409 240 242
3 408 410 411
3 411 412 408
3 241 408 412
3 412 411 404
3 406 222 246
3 246 412 406
3 404 406 412
3 412 246 241
3 405 404 411
3 411 413 405
3 394 405 413
3 413 411 410
3 414 221 220
3 220 407 414
3 401 414 407
3 407 220 222
3 414 401 415
3 415 416 414
3 221 414 416
3 416 415 284
3 288 14 226
3 226 416 288
3 284 288 416
3 416 226 221
3 285 284 415
3 415 400 285
3 272 285 400
3 400 415 401
3 417 418 419
3 419 420 417
3 421 417 420
3 420 419 422
3 417 421 423
3 423 424 417
3 418 417 424
3 424 423 310
3 317 308 425
3 425 424 317
3 310 317 424
3 424 425 418
3 311 310 423
3 423 426 311
3 314 311 426
3 426 423 421
3 427 418 425
3 425 428 427
3 429 427 428
3 428 425 308
3 427 429 430
3 430 431 427
3 418 427 431
3 431 430 432
3 433 422 419
3 419 431 433
3 432 433 431
3 431 419 418
3 434 432 430
3 430 435 434
3 258 434 435
3 435 430 429
3 436 277 276
3 276 437 436
3 438 436 437
3 437 276 278
3 436 438 439
3 439 440 436
3 277 436 440
3 440 439 432
3 434 258 282
3 282 440 434
3 432 434 440
3 440 282 277
3 433 432 439
3 439 441 433
3 422 433 441
3 441 439 438
3 442 257 256
3 256 435 442
3 429 442 435
3 435 256 258
3 442 429 443
3 443 444 442
3 257 442 444
3 444 443 320
3 324 95 262
3 262 444 324
3 320 324 444
3 444 262 257
3 321 320 443
3 443 428 321
3 308 321 428
3 428 443 429
3 445 446 447
3 447 448 445
3 449 445 448
3 448 447 450
3 445 449 451
3 451 452 445
3 446 445 452
3 452 451 346
3 353 344 453
3 453 452 353
3 346 353 452
3 452 453 446
3 347 346 451
3 451 454 347
3 350 347 454
3 454 451 449
3 455 446 453
3 453 456 455
3 457 455 456
3 456 453 344
3 455 457 458
3 458 459 455
3 446 455 459
3 459 458 460
3 461 450 447
3 447 459 461
3 460 461 459
3 459 447 446
3 462 460 458
3 458 463 462
3 294 462 463
3 463 458 457
3 464 313 312
3 312 465 464
3 466 464 465
3 465 312 314
3 464 466 467
3 467 468 464
3 313 464 468
3 468 467 460
3 462 294 318
3 318 468 462
3 460 462 468
3 468 318 313
3 461 460 467
3 467 469 461
3 450 461 469
3 469 467 466
3 470 293 292
3 292 463 470
3 457 470 463
3 463 292 294
3 470 457 471
3 471 472 470
3 293 470 472
3 472 471 356
3 360 131 298
3 298 472 360
3 356 360 472
3 472 298 293
3 357 356 471
3 471 456 357
3 344 357 456
3 456 471 457
3 473 474 475
3 475 476 473
3 477 473 476
3 476 475 478
3 473 477 479
3 479 480 473
3 474 473 480
3 480 479 202
3 209 200 481
3 481 480 209
3 202 209 480
3 480 481 474
3 203 202 479
3 479 482 203
3 206 203 482
3 482 479 477
3 483 474 481
3 481 484 483
3 485 483 484
3 484 481 200
3 483 485 486
3 486 487 483
3 474 483 487
3 487 486 488
3 489 478 475
3 475 487 489
3 488 489 487
3 487 475 474
3 490 488 486
3 486 491 490
3 330 490 491
3 491 486 485
3 492 349 348
3 348 493 492
3 494 492 493
3 493 348 350
3 492 494 495
3 495 496 492
3 349 492 496
3 496 495 488
3 490 330 354
3 354 496 490
3 488 490 496
3 496 354 349
3 489 488 495
3 495 497 489
3 478 489 497
3 497 495 494
3 498 329 328
3 328 491 498
3 485 498 491
3 491 328 330
3 498 485 499
3 499 500 498
3 329 498 500
3 500 499 212
3 216 70 334
3 334 500 216
3 212 216 500
3 500 334 329
3 213 212 499
3 499 484 213
3 200 213 484
3 484 499 485
3 501 502 503
3 503 504 501
3 505 501 504
3 504 503 506
3 501 505 507
3 507 508 501
3 502 501 508
3 508 507 365
3 364 366 509
3 509 508 364
3 365 364 508
3 508 509 502
3 370 365 507
3 507 510 370
3 242 370 510
3 510 507 505
3 511 502 509
3 509 512 511
3 513 511 512
3 512 509 366
3 511 513 514
3 514 515 511
3 502 511 515
3 515 514 516
3 517 506 503
3 503 515 517
3 516 517 515
3 515 503 502
3 518 516 514
3 514 519 518
3 520 518 519
3 519 514 513
3 521 522 523
3 523 524 521
3 525 521 524
3 524 523 526
3 521 525 527
3 527 528 521
3 522 521 528
3 528 527 516
3 518 520 529
3 529 528 518
3 516 518 528
3 528 529 522
3 517 516 527
3 527 530 517
3 506 517 530
3 530 527 525
3 531 532 533
3 533 519 531
3 513 531 519
3 519 533 520
3 531 513 534
3 534 535 531
3 532 531 535
3 535 534 382
3 381 206 536
3 536 535 381
3 382 381 535
3 535 536 532
3 385 382 534
3 534 512 385
3 366 385 512
3 512 534 513
3 537 538 539
3 539 540 537
3 541 537 540
3 540 539 542
3 537 541 543
3 543 544 537
3 538 537 544
3 544 543 393
3 392 394 545
3 545 544 392
3 393 392 544
3 544 545 538
3 398 393 543
3 543 546 398
3 278 398 546
3 546 543 541
3 547 538 545
3 545 548 547
3 549 547 548
3 548 545 394
3 547 549 550
3 550 551 547
3 538 547 551
3 551 550 552
3 553 542 539
3 539 551 553
3 552 553 551
3 551 539 538
3 554 552 550
3 550 555 554
3 506 554 555
3 555 550 549
3 556 525 524
3 524 557 556
3 558 556 557
3 557 524 526
3 556 558 559
3 559 560 556
3 525 556 560
3 560 559 552
3 554 506 530
3 530 560 554
3 552 554 560
3 560 530 525
3 553 552 559
3 559 561 553
3 542 553 561
3 561 559 558
3 562 505 504
3 504 555 562
3 549 562 555
3 555 504 506
3 562 549 563
3 563 564 562
3 505 562 564
3 564 563 410
3 409 242 510
3 510 564 409
3 410 409 564
3 564 510 505
3 413 410 563
3 563 548 413
3 394 413 548
3 548 563 549
3 565 566 567
3 567 568 565
3 569 565 568
3 568 567 570
3 565 569 571
3 571 572 565
3 566 565 572
3 572 571 421
3 420 422 573
3 573 572 420
3 421 420 572
3 572 573 566
3 426 421 571
3 571 574 426
3 314 426 574
3 574 571 569
3 575 566 573
3 573 576 575
3 577 575 576
3 576 573 422
3 575 577 578
3 578 579 575
3 566 575 579
3 579 578 580
3 581 570 567
3 567 579 581
3 580 581 579
3 579 567 566
3 582 580 578
3 578 583 582
3 542 582 583
3 583 578 577
3 584 558 557
3 557 585 584
3 586 584 585
3 585 557 526
3 584 586 587
3 587 588 584
3 558 584 588
3 588 587 580
3 582 542 561
3 561 588 582
3 580 582 588
3 588 561 558
3 581 580 587
3 587 589 581
3 570 581 589
3 589 587 586
3 590 541 540
3 540 583 590
3 577 590 583
3 583 540 542
3 590 577 591
3 591 592 590
3 541 590 592
3 592 591 438
3 437 278 546
3 546 592 437
3 438 437 592
3 592 546 541
3 441 438 591
3 591 576 441
3 422 441 576
3 576 591 577
3 593 594 595
3 595 596 593
3 597 593 596
3 596 595 598
3 593 597 599
3 599 600 593
3 594 593 600
3 600 599 449
3 448 450 601
3 601 600 448
3 449 448 600
3 600 601 594
3 454 449 599
3 599 602 454
3 350 454 602
3 602 599 597
3 603 594 601
3 601 604 603
3 605 603 604
3 604 601 450
3 603 605 606
3 606 607 603
3 594 603 607
3 607 606 608
3 609 598 595
3 595 607 609
3 608 609 607
3 607 595 594
3 610 608 606
3 606 611 610
3 570 610 611
3 611 606 605
3 612 586 585
3 585 613 612
3 614 612 613
3 613 585 526
3 612 614 615
3 615 616 612
3 586 612 616
3 616 615 608
3 610 570 589
3 589 616 610
3 608 610 616
3 616 589 586
3 609 608 615
3 615 617 609
3 598 609 617
3 617 615 614
3 618 569 568
3 568 611 618
3 605 618 611
3 611 568 570
3 618 605 619
3 619 620 618
3 569 618 620
3 620 619 466
3 465 314 574
3 574 620 465
3 466 465 620
3 620 574 569
3 469 466 619
3 619 604 469
3 450 469 604
3 604 619 605
3 621 622 623
3 623 533 621
3 532 621 533
3 533 623 520
3 621 532 624
3 624 625 621
3 622 621 625
3 625 624 477
3 476 478 626
3 626 625 476
3 477 476 625
3 625 626 622
3 482 477 624
3 624 536 482
3 206 482 536
3 536 624 532
3 627 622 626
3 626 628 627
3 629 627 628
3 628 626 478
3 627 629 630
3 630 631 627
3 622 627 631
3 631 630 632
3 633 520 623
3 623 631 633
3 632 633 631
3 631 623 622
3 634 632 630
3 630 635 634
3 598 634 635
3 635 630 629
3 636 614 613
3 613 523 636
3 522 636 523
3 523 613 526
3 636 522 637
3 637 638 636
3 614 636 638
3 638 637 632
3 634 598 617
3 617 638 634
3 632 634 638
3 638 617 614
3 633 632 637
3 637 529 633
3 520 633 529
3 529 637 522
3 639 597 596
3 596 635 639
3 629 639 635
3 635 596 598
3 639 629 640
3 640 641 639
3 597 639 641
3 641 640 494
3 493 350 602
3 602 641 493
3 494 493 641
3 641 602 597
3 497 494 640
3 640 628 497
3 478 497 628
3 628 640 629
